M 1383.0898 323.05859
L 1382.752 335.88086
L 1378.7012 339.28516
L 1373.3516 340.25781
L 1373.3516 344.31055
L 1376.4316 346.09375
L 1378.5391 350.95703
L 1381.1328 353.06445
L 1381.7812 358.08984
L 1383.7246 362.14258
L 1381.9434 368.14062
L 1378.377 366.51953
L 1375.7832 363.11523
L 1373.0273 362.62891
L 1371.7305 367.49219
L 1372.3789 373.32617
L 1377.7285 373.00195
L 1382.2656 377.2168
L 1390.5332 380.62109
L 1395.3965 379.97266
L 1404.9609 387.26758
L 1417.6055 381.43164
L 1425.2246 387.42969
L 1430.8984 389.05078
L 1435.9238 387.91602
L 1441.7598 392.29297
L 1446.2988 394.88672
L 1455.2129 394.40039
L 1458.4551 397.31836
L 1459.9141 397.15625
L 1463.9668 401.5332
L 1470.6133 402.83008
L 1472.3965 404.9375
L 1474.0176 411.42188
L 1476.9355 410.125
L 1480.0156 412.55664
L 1483.4199 409.96289
L 1483.0957 407.85547
L 1480.3398 404.77539
L 1481.7988 399.26367
L 1488.2832 398.29102
L 1490.877 394.72461
L 1499.6309 391.80664
L 1500.9277 388.07812
L 1502.5488 383.53906
L 1505.0117 374.35352
L 1505.0039 374.32227
C 1504.011 374.11986 1502.6259 372.73074 1501.2168 372.84375
C 1500.4793 374.03664 1499.7649 374.71083 1498.957 375.05664
C 1497.8193 375.54365 1496.4896 375.35883 1494.5918 374.875
C 1491.2529 374.8454 1491.0274 375.97194 1489.998 372.25
C 1490.6725 369.04498 1488.2778 367.25004 1485.373 366.65625
C 1482.1482 366.27268 1478.7383 366.32082 1475.623 366.03125
C 1472.9082 363.82779 1473.3619 361.78277 1471.9043 359.375
C 1469.3754 359.65881 1469.1288 356.96475 1466.0918 356.96875
C 1465.262 355.9248 1464.6155 355.54929 1464.0742 355.57812
C 1462.4501 355.66492 1461.7728 359.38495 1459.9355 359.5625
C 1457.3194 359.21942 1456.2042 359.33074 1454.4355 357.34375
C 1451.0003 355.41438 1446.4485 357.59464 1446.4355 361.71875
C 1446.3261 363.39333 1445.7665 363.76499 1445.0664 363.57422
C 1444.1654 363.32875 1443.0256 362.12747 1442.248 361.3125
C 1439.9653 360.52923 1436.3141 359.56399 1435.623 362.84375
C 1433.773 365.43984 1429.9169 363.48552 1427.5293 365.3125
C 1425.3476 363.96128 1425.8116 361.65485 1427.3105 359.9375
C 1427.9283 357.62062 1423.562 356.59296 1425.4355 354.375
C 1424.4143 352.58408 1422.1408 351.13017 1422.6543 348.5
C 1421.1943 345.59146 1417.6716 343.87914 1414.623 342.9375
C 1412.137 340.58423 1411.5058 342.59893 1409.6543 344.15625
C 1406.9109 346.12331 1404.8918 341.99943 1406.5293 340.25
C 1407.334 338.48558 1410.6101 337.14609 1407.623 335.46875
C 1405.3523 333.90518 1403.7558 331.80254 1402.0293 329.71875
C 1399.2335 328.74222 1397.4932 333.53945 1394.5293 331.1875
C 1392.9753 329.13663 1388.785 331.8422 1388.2793 328.625
C 1388.9953 324.94684 1385.9542 327.42499 1384.4043 326.71875
C 1384.4043 326.71575 1384.4047 326.71198 1384.3945 326.70898
C 1383.5469 325.66243 1383.3396 324.354 1383.0898 323.05859
z

M 1507.2891 372.13086
L 1515.6777 373.00195
L 1522.4863 372.19141
L 1523.6211 380.13477
L 1526.2148 381.59375
L 1531.8887 379.32422
L 1532.8613 382.08008
L 1531.5645 385.32227
L 1533.6719 390.50977
L 1532.0508 396.3457
L 1534.9688 399.26367
L 1539.832 397.48047
L 1544.5332 401.37109
L 1551.9902 396.50781
L 1562.041 399.26367
L 1566.7773 396.57422
C 1563.456 393.33271 1567.2602 392.73812 1569.0605 391.6875
C 1567.5218 389.56667 1567.3043 386.68511 1563.9043 385.875
C 1559.262 384.26582 1564.2742 381.55484 1561.8105 379.28125
C 1559.1861 378.17779 1557.5546 375.89548 1554.873 375.0625
C 1553.2836 372.08827 1550.0363 373.98964 1548.0293 371.4375
C 1548.0293 371.4325 1548.0196 371.43273 1548.0156 371.42773
C 1547.4082 370.81278 1546.8711 370.61508 1546.623 370.625
C 1544.9104 370.03619 1543.6823 373.86776 1540.9668 372.90625
C 1537.7755 374.282 1535.1454 370.79808 1531.998 370.375
C 1530.8725 368.06931 1528.5154 367.29783 1526.248 365.6875
C 1522.5199 363.1189 1518.0909 366.4122 1513.998 365.28125
C 1512.865 366.73338 1513.611 367.85813 1510.2793 368.15625
C 1508.5671 367.93732 1509.5353 371.96194 1507.2891 372.13086
z