M 1505.0039 374.32227
L 1505.0117 374.35352
L 1502.5488 383.53906
L 1500.9277 388.07812
L 1499.6309 391.80664
L 1490.877 394.72461
L 1488.2832 398.29102
L 1481.7988 399.26367
L 1480.3398 404.77539
L 1483.0957 407.85547
L 1483.4199 409.96289
L 1480.0156 412.55664
L 1476.9355 410.125
L 1474.0176 411.42188
L 1474.3418 413.36719
L 1471.9102 418.87891
L 1472.3965 423.74219
L 1476.125 426.66016
L 1480.3398 428.92969
L 1479.5293 431.52344
L 1474.3418 435.25195
L 1473.0449 434.60352
L 1469.3164 434.76562
L 1467.8574 440.4375
L 1463.9668 442.70703
L 1460.2383 446.59766
L 1462.0215 449.35352
L 1461.8594 453.73047
L 1460.7246 458.10742
L 1455.8613 460.37695
L 1458.4551 468.96875
L 1455.5371 475.45312
L 1453.5918 478.85742
L 1448.4062 486.47656
L 1450.0254 491.98828
L 1454.8887 492.63672
L 1457.1582 490.5293
L 1459.5898 487.93555
L 1460.5625 484.36914
L 1456.5098 480.64062
L 1458.4551 477.07422
L 1465.2637 477.07422
L 1473.8555 480.1543
L 1480.0156 472.69727
L 1474.9902 465.72656
L 1476.125 462.16016
L 1479.2051 459.89062
L 1481.3125 464.5918
L 1484.2305 465.56445
L 1486.3379 463.13281
L 1484.7168 460.70117
L 1484.3926 457.29688
L 1486.3379 455.35156
L 1492.1738 462.32227
L 1498.6582 464.75391
L 1497.5234 469.29297
L 1500.4414 471.5625
L 1501.7383 479.83008
L 1503.6836 482.09961
L 1501.4141 486.47656
L 1505.1426 488.74609
L 1505.6289 493.44727
L 1509.0332 495.39258
L 1508.8711 503.98438
L 1518.4336 506.41406
L 1527.1875 505.28125
L 1527.998 506.90039
L 1529.9434 504.79492
L 1537.7246 506.25195
L 1540.1562 512.41211
L 1543.2363 510.30469
L 1545.9922 512.89844
L 1547.9375 517.4375
L 1551.0176 515.81641
L 1554.7461 519.70703
L 1560.0957 519.70703
L 1561.0684 528.29883
L 1562.8516 530.08203
L 1569.8223 528.62305
L 1572.416 530.40625
L 1573.7129 540.78125
L 1579.7109 540.45703
L 1585.2207 543.86133
L 1595.2715 541.10547
L 1596.4062 535.75586
L 1604.998 534.29688
L 1609.2129 529.5957
L 1611.3203 533.81055
L 1617.6426 534.29688
L 1620.8848 540.78125
L 1629.9629 543.53711
L 1641.0898 546.87695
L 1653.127 540.45898
L 1654.7305 533.00781
L 1650.2598 533.4668
L 1645.6758 522.34766
L 1649.1152 517.76172
L 1650.7188 511.91602
L 1650.6055 507.56055
L 1644.5293 506.87305
L 1640.6328 501.59961
L 1645.2168 498.04688
L 1648.1973 494.03516
L 1642.3848 485.83203
L 1642.375 485.84375
L 1639.25 485.375
L 1638.375 487.03125
L 1639.0625 489.46875
L 1638.0938 490.3125
L 1636.8125 490.65625
L 1636 491.625
L 1636 492.84375
L 1636.4375 493.3125
L 1635.8438 493.5625
L 1635.2188 493.71875
L 1634.125 493.90625
L 1633.625 494.15625
L 1633 494.3125
L 1631.2188 495.0625
L 1630.4375 496.03125
L 1629.9062 495.71875
L 1628.8438 493.65625
L 1629.3438 493.28125
L 1631.5312 492.40625
L 1631.1562 491.34375
L 1630.6562 491.03125
L 1627.0312 490.8125
L 1626.7188 490.28125
L 1626.375 489.75
L 1626.6875 489.21875
L 1627.2812 486.9375
L 1627.0938 486.4375
L 1627 484.9375
L 1627.625 484.84375
L 1630.75 484.8125
L 1631.1875 484.84375
L 1631.5938 484.65625
L 1632.0938 484.40625
L 1632.9062 483.59375
L 1632.3125 482.03125
L 1631.6875 481.96875
L 1630.4375 481.84375
L 1626.8125 482.75
L 1627.375 481.65625
L 1623.7812 478.9375
L 1618.875 476.8125
L 1618.2188 476.78125
L 1616.9062 476.9375
L 1615.0312 476.28125
L 1615.7812 473.90625
L 1614.7188 471.5625
L 1613 470.75
L 1613.375 468.875
L 1613.6875 468.90625
L 1613.875 469.5
L 1615.4688 470.5625
L 1616.0938 470.375
L 1617.5938 469.25
L 1618.0938 467.5625
L 1618.6875 466.65625
L 1618.6875 466.125
L 1618.875 465.59375
L 1618.9688 464.46875
L 1619.5 464.21875
L 1622.6875 464.65625
L 1623.1562 464.8125
L 1623.625 464.96875
L 1624.0625 465
L 1624.5 464.96875
L 1623.9375 462.53125
L 1625.3125 461.21875
L 1624.6562 458.8125
L 1626.3438 456.96875
L 1627.0625 455.40625
L 1626.4688 454.03125
L 1627.3438 451.34375
L 1627.7188 450.875
L 1630.375 447.75
L 1629.7812 446.9375
L 1629.5625 446.46875
L 1629.0938 445.34375
L 1629.4062 444.1875
L 1629.875 443.75
L 1631.6875 444.0625
L 1632.9688 442.6875
L 1635.25 444.71875
L 1634.8125 445.125
L 1633.3125 445.75
L 1633.9375 448.0625
L 1633.875 448.65625
L 1635.1562 449.6875
L 1635.5312 450.125
L 1635.125 451.25
L 1635.9688 452.09375
L 1635.9062 452.6875
L 1636.875 455.96875
L 1640.75 456
L 1640.8438 456.59375
L 1641.8438 456.03125
L 1642.375 455.8125
L 1643.6562 457.59375
L 1643.9688 458.09375
L 1645.1875 458.09375
L 1646.5938 460.0625
L 1646.9062 460.59375
L 1647.5312 460.375
L 1650.5312 459.1875
L 1657.5938 461.9375
L 1657.1562 462.96875
L 1657.1562 464.06055
L 1657.1562 464.40625
L 1657.125 464.90625
L 1655.0312 467.9375
L 1653.959 468.47461
L 1662.2969 469.96289
L 1674.332 468.12891
L 1681.4395 464.34766
L 1686.4824 456.66797
L 1695.1934 454.25977
L 1702.7598 448.5293
L 1702.9844 444.07617
C 1702.9094 444.11787 1702.8146 444.22384 1702.748 444.25
C 1702.1091 444.50098 1700.8833 444.96188 1700.2578 445.19727
C 1700.0984 445.25727 1699.623 445.4375 1699.623 445.4375
L 1699.498 444.875
C 1699.1544 443.70122 1699.1363 442.71835 1699.2793 442.03125
C 1699.4225 441.34416 1699.498 440.71875 1699.498 440.71875
C 1699.498 440.71875 1698.1097 439.75746 1697.623 439.15625
C 1697.1363 438.55504 1694.6726 437.11715 1694.5293 437.03125
C 1694.3862 436.94535 1692.073 435.76028 1691.1855 435.53125
C 1690.298 435.30221 1687.9536 435.03125 1687.8105 435.03125
C 1687.6673 435.03125 1686.6541 434.51814 1686.3105 434.375
C 1685.967 434.23185 1685.0448 434.55161 1684.5293 433.75
C 1684.014 432.94839 1683.8835 431.92419 1683.6543 431.4375
C 1683.4253 430.95081 1683.2795 430.65625 1683.2793 430.65625
C 1683.383 430.4495 1683.4694 430.16571 1683.5293 429.84375
C 1682.3666 426.77033 1679.6974 427.59452 1677.0293 427.84375
C 1673.9824 428.00146 1676.1343 423.93281 1672.0918 425.3125
C 1668.5889 425.2717 1665.897 426.88402 1665.998 430.5625
C 1665.5549 433.00878 1661.0904 430.67375 1659.6543 433.15625
C 1657.7313 436.62105 1657.1223 437.38532 1653.8418 435.96875
C 1651.5048 433.40146 1648.0156 435.0048 1645.7168 436.4375
C 1644.1207 436.27749 1642.0393 432.45142 1639.4355 435.4375
C 1637.9751 433.05575 1634.311 433.04696 1633.9355 431.3125
C 1631.1947 427.24486 1632.0498 434.50625 1630.373 434.875
C 1629.6668 436.76651 1625.6401 438.74706 1624.998 435.4375
C 1624.7955 431.3748 1622.6018 427.6626 1623.748 423.53125
C 1621.8114 423.69768 1619.1414 421.69334 1616.998 420.6875
C 1613.4074 421.9839 1613.0764 416.00056 1609.7168 417.375
C 1607.5347 420.30082 1604.7333 418.87368 1602.2793 417.59375
C 1600.5293 418.11819 1600.147 419.15161 1600.4043 420.28125
C 1600.6809 421.67984 1601.9134 423.37309 1602.5293 424.625
C 1601.8572 426.3644 1600.2942 430.57258 1597.2168 429.25
C 1594.3583 428.29437 1591.9652 426.85052 1589.0918 427.375
C 1586.1943 428.10099 1583.7617 425.23715 1584.4043 422.53125
C 1587.2732 421.76083 1586.9122 415.89926 1583.5605 417.625
C 1579.9525 419.9972 1581.5478 414.19035 1580.4355 412.3125
C 1578.899 410.64603 1575.607 411.06031 1577.0293 407.65625
C 1575.9545 405.54563 1573.6353 403.26956 1571.2793 401.8125
C 1568.0202 401.22496 1569.4438 396.71889 1566.9355 396.75
C 1566.8656 396.68501 1566.8419 396.63717 1566.7773 396.57422
L 1562.041 399.26367
L 1551.9902 396.50781
L 1544.5332 401.37109
L 1539.832 397.48047
L 1534.9688 399.26367
L 1532.0508 396.3457
L 1533.6719 390.50977
L 1531.5645 385.32227
L 1532.8613 382.08008
L 1531.8887 379.32422
L 1526.2148 381.59375
L 1523.6211 380.13477
L 1522.4863 372.19141
L 1515.6777 373.00195
L 1507.2891 372.13086
C 1507.2878 372.13095 1507.2864 372.13077 1507.2852 372.13086
C 1507.0381 372.14893 1506.7584 372.12704 1506.4258 372.04102
L 1506.3887 372.03711
L 1506.3789 372.0332
C 1506.3767 372.03261 1506.3752 372.03185 1506.373 372.03125
C 1506.21 374.03837 1505.7004 374.46425 1505.0039 374.32227
z

M 1632.9679 442.68653
L 1631.6867 444.06153
L 1629.8742 443.74903
L 1629.4054 444.18653
L 1629.0929 445.34278
L 1629.5617 446.46778
L 1629.7804 446.93653
L 1630.3742 447.74903
L 1627.7179 450.87403
L 1627.3429 451.34278
L 1626.4679 454.03028
L 1627.0617 455.40528
L 1626.3429 456.96778
L 1624.6554 458.81153
L 1625.3117 461.21778
L 1623.9367 462.53028
L 1624.4992 464.96778
L 1624.0617 464.99903
L 1623.6242 464.96778
L 1623.1554 464.81153
L 1622.6867 464.65528
L 1619.4992 464.21778
L 1618.9679 464.46778
L 1618.8742 465.59278
L 1618.6867 466.12403
L 1618.6867 466.65528
L 1618.0929 467.56153
L 1617.5929 469.24903
L 1616.0929 470.37403
L 1615.4679 470.56153
L 1613.8742 469.49903
L 1613.6867 468.90528
L 1613.3742 468.87403
L 1612.9992 470.74903
L 1614.7179 471.56153
L 1615.7804 473.90528
L 1615.0304 476.28028
L 1616.9054 476.93653
L 1618.2179 476.78028
L 1618.8742 476.81153
L 1623.7804 478.93653
L 1627.3742 481.65528
L 1626.8117 482.74903
L 1630.4367 481.84278
L 1631.6867 481.96778
L 1632.3117 482.03028
L 1632.9054 483.59278
L 1632.0929 484.40528
L 1631.5929 484.65528
L 1631.1867 484.84278
L 1630.7492 484.81153
L 1627.6242 484.84278
L 1626.9992 484.93653
L 1627.0929 486.43653
L 1627.2804 486.93653
L 1626.6867 489.21778
L 1626.3742 489.74903
L 1626.7179 490.28028
L 1627.0304 490.81153
L 1630.6554 491.03028
L 1631.1554 491.34278
L 1631.5304 492.40528
L 1629.3429 493.28028
L 1628.8429 493.65528
L 1629.9054 495.71778
L 1630.4367 496.03028
L 1631.2179 495.06153
L 1632.9992 494.31153
L 1633.6242 494.15528
L 1634.1242 493.90528
L 1635.2179 493.71778
L 1635.8429 493.56153
L 1636.4367 493.31153
L 1635.9992 492.84278
L 1635.9992 491.62403
L 1636.8117 490.65528
L 1638.0929 490.31153
L 1639.0617 489.46778
L 1638.3742 487.03028
L 1639.2492 485.37403
L 1642.3742 485.84278
L 1642.4113 485.79005
L 1633.5148 473.23341
L 1639.3605 465.20801
L 1654.9289 467.98731
L 1655.0324 467.93653
L 1657.1261 464.90528
L 1657.1574 464.40528
L 1657.1574 462.96778
L 1657.5949 461.93653
L 1650.5324 459.18653
L 1647.5324 460.37403
L 1646.9074 460.59278
L 1646.5949 460.06153
L 1645.1886 458.09278
L 1643.9699 458.09278
L 1643.6574 457.59278
L 1642.3761 455.81153
L 1641.8449 456.03028
L 1640.8449 456.59278
L 1640.7492 455.99903
L 1636.8742 455.96778
L 1635.9054 452.68653
L 1635.9699 452.09278
L 1635.1261 451.24903
L 1635.5324 450.12403
L 1635.1574 449.68653
L 1633.8761 448.65528
L 1633.9367 448.06153
L 1633.3117 445.74903
L 1634.8117 445.12403
L 1635.2492 444.71778
L 1632.9679 442.68653
z