M 1588.8203 1408.5156
L 1571.7422 1413.1016
L 1568.5332 1409.4336
L 1554.3184 1422.5
L 1552.2559 1431.4414
L 1533.457 1438.5469
L 1529.3301 1442.9043
L 1519.4727 1436.2559
L 1510.7617 1444.0488
L 1507.3223 1443.1328
L 1499.0703 1444.5078
L 1498.6113 1450.9277
L 1489.9004 1451.3867
L 1490.3594 1457.5762
L 1502.9668 1462.6191
L 1506.8652 1462.6191
L 1506.1758 1470.4141
L 1510.0742 1479.584
L 1516.2637 1480.043
L 1518.4336 1490.0664
L 1523.9453 1495.5781
L 1523.9453 1498.1719
L 1521.0273 1501.4141
L 1522.8105 1504.4941
L 1528.1602 1504.6562
L 1537.7246 1499.4688
L 1543.3984 1499.6309
L 1543.3984 1505.6289
L 1543.7227 1510.4922
L 1548.9102 1513.0859
L 1552.7051 1525.1035
C 1553.7414 1525.1285 1554.7813 1525.1135 1555.8125 1524.9062
C 1557.6597 1524.5695 1559.7998 1523.2828 1560.1875 1521.4375
C 1560.9749 1519.7279 1563.5248 1519.5213 1565.0625 1519.125
C 1567.3412 1519.2544 1570.3439 1520.0802 1569.1562 1523.0312
C 1570.4274 1525.3448 1571.7888 1524.897 1573.0625 1523.2812
C 1576.1369 1523.7851 1572.9996 1519.7132 1575.2812 1518.625
C 1576.2776 1516.5488 1579.679 1517.7931 1580.1875 1515.8125
C 1579.051 1514.359 1575.8496 1513.4123 1578.1562 1511.0625
C 1577.9306 1508.0913 1583.0261 1508.3646 1581.9062 1505.0625
C 1580.8012 1502.4991 1578.111 1504.0032 1576.2188 1504.0312
C 1573.5212 1502.4206 1570.9642 1505.7863 1568.0938 1504.3438
C 1566.7023 1502.418 1569.6209 1501.1824 1571.3125 1501.1562
C 1573.1088 1500.0659 1574.2068 1498.4198 1576.6875 1499.1875
C 1580.2773 1498.4905 1576.6275 1494.2087 1579.125 1492.75
C 1580.7522 1490.7144 1584.6963 1491.6762 1584.875 1488.5312
C 1585.146 1486.2494 1586.311 1484.1974 1586.375 1481.8125
C 1586.386 1479.5128 1587.2879 1474.8791 1590.5625 1476.5938
C 1591.8248 1478.054 1593.19 1479.3787 1595.3125 1478.5
C 1597.3166 1477.4622 1600.1849 1479.392 1601.625 1477.625
C 1601.5241 1473.9714 1605.9026 1478.5817 1606.5625 1475.5625
C 1605.8281 1472.614 1609.7897 1473.5495 1610.3125 1471.2188
C 1610.469 1468.966 1611.597 1467.1878 1612.75 1465.375
C 1613.5489 1463.6337 1616.0318 1462.2266 1613.7188 1460.375
C 1613.578 1458.7021 1614.8698 1457.4239 1616.377 1456.4961
L 1613.3516 1451.959
L 1608.6523 1447.7188
L 1598.3359 1445.7695
L 1594.7812 1441.2988
L 1588.5918 1423.7617
L 1584.8105 1418.832
L 1582.4023 1416.5391
L 1585.1543 1414.5918
L 1588.3633 1409.8906
L 1588.8203 1408.5156
z