M 1926.8906 1554.1562
C 1925.7405 1554.2262 1924.1295 1555.908 1922.9375 1554.8125
C 1921.1213 1553.9711 1918.8353 1555.1826 1917.0625 1555.7949
C 1915.6861 1558.5718 1917.9618 1561.6621 1917.1738 1564.5488
C 1919.81 1565.4812 1917.4701 1567.6844 1918.418 1569.3242
C 1918.6901 1569.6468 1918.7617 1569.9296 1918.7012 1570.1875
L 1918.7031 1570.1875
L 1921.5781 1576.3281
L 1922.0371 1587.6758
L 1920.3184 1617.5918
L 1916.0762 1634.2129
L 1913.6699 1635.8184
L 1907.9375 1637.8809
L 1898.3105 1640.4023
L 1896.7051 1640.2891
L 1894.1836 1636.6211
L 1893.9531 1632.2637
L 1893.9531 1628.1387
L 1892.0059 1624.2402
L 1890.9746 1617.4785
L 1894.1836 1616.6758
L 1894.8848 1605.1934
C 1894.8788 1605.1916 1894.8731 1605.1892 1894.8672 1605.1875
C 1893.9734 1604.9252 1893.0766 1604.6962 1892.1836 1604.7695
C 1890.9541 1607.1155 1889.1265 1604.1148 1887.6523 1606.0039
C 1886.3915 1607.9807 1883.8412 1608.2603 1883.0488 1610.5684
C 1881.9901 1612.5019 1879.9257 1612.9829 1880.4863 1615.7227
C 1882.1697 1618.2052 1878.8427 1619.1321 1877.0039 1619.3887
C 1876.3405 1622.1787 1874.3281 1621.035 1872.7988 1621.7363
C 1870.5873 1622.3635 1867.8385 1623.5557 1865.5078 1622.4707
C 1864.7409 1621.5764 1862.3527 1623.8193 1860.9609 1623.9492
C 1858.2657 1622.9464 1858.2548 1626.3006 1856.6094 1627.2148
C 1854.7491 1626.1948 1853.5721 1627.4702 1852.2871 1628.3066
L 1854.4766 1633.2051
L 1857.1523 1639.2031
L 1857.5566 1643.0117
L 1855.6113 1646.1738
L 1855.0449 1649.9824
L 1851.3984 1656.2227
L 1851.8848 1658.9785
L 1852.209 1662.4648
L 1850.8301 1667.5703
L 1850.8301 1671.2188
L 1852.127 1672.2715
L 1858.6113 1670.1641
L 1864.8516 1669.1914
L 1869.5527 1668.7871
L 1873.0391 1667.4902
L 1874.6602 1664.166
L 1876.7676 1660.2754
L 1879.6855 1655.4941
L 1882.0352 1653.6289
L 1884.6289 1648.9297
L 1887.2227 1647.7129
L 1889.9785 1647.7129
L 1891.2754 1650.3066
L 1892.0859 1652.7383
L 1890.9512 1657.1152
L 1890.707 1660.6816
L 1890.8691 1663.8418
L 1892.248 1666.7598
L 1895.4902 1666.5176
L 1897.3535 1668.1387
L 1901.2441 1666.5977
L 1904.082 1667.166
L 1907.4863 1668.3008
L 1912.1875 1667.6523
L 1915.7539 1668.0566
L 1916.6445 1669.1914
L 1915.5918 1672.5156
L 1915.6719 1675.1895
L 1917.0508 1675.5957
L 1921.5078 1675.5957
L 1925.8027 1676.2441
L 1930.4238 1677.2168
L 1941.6641 1675.6094
C 1941.0992 1672.9738 1940.7307 1670.2994 1940.5801 1667.6191
C 1941.456 1664.3982 1942.6572 1661.1276 1941.8301 1657.7969
C 1942.4372 1653.565 1939.2726 1649.8848 1940.123 1645.7402
C 1941.8181 1641.5616 1940.7775 1636.9743 1938.6738 1633.1738
C 1936.878 1628.9733 1933.9809 1625.4105 1931.582 1621.5762
C 1931.2747 1621.6981 1933.0765 1624.8704 1933.8848 1625.9805
C 1934.0059 1627.025 1933.9977 1627.6596 1933.9668 1628.0312
C 1934.0468 1627.7434 1934.2061 1627.3176 1934.5156 1626.7832
C 1936.7808 1629.0718 1938.3497 1632.5973 1937.9688 1635.8066
C 1936.3755 1635.0159 1934.134 1634.1628 1933.4004 1632.4238
C 1933.5655 1630.1344 1930.9351 1629.0895 1931.9609 1626.8633
C 1931.7318 1624.6926 1929.822 1623.4745 1929.2793 1621.7363
C 1931.5798 1619.1565 1929.4225 1615.8879 1930.2305 1612.9922
C 1930.9095 1608.6663 1931.6983 1604.3242 1932.3691 1599.957
C 1933.1986 1595.9853 1936.5269 1592.4518 1935.1094 1588.1211
C 1933.7085 1585.1163 1935.4982 1581.0722 1932.8438 1578.5625
C 1934.5355 1576.7568 1932.5134 1574.7787 1932.5234 1572.7891
C 1932.8819 1570.4483 1931.6947 1568.4325 1932.4355 1566.5879
C 1930.2213 1564.7739 1930.8625 1562.0059 1931.6035 1559.6699
C 1932.3303 1557.3635 1929.3211 1556.7655 1928.0918 1555.4727
C 1927.8421 1554.4252 1927.4134 1554.1248 1926.8906 1554.1562
z