M 1894.8848 1605.1934
L 1894.1836 1616.6758
L 1890.9746 1617.4785
L 1892.0059 1624.2402
L 1893.9531 1628.1387
L 1893.9531 1632.2637
L 1894.1836 1636.6211
L 1896.7051 1640.2891
L 1898.3105 1640.4023
L 1907.9375 1637.8809
L 1913.6699 1635.8184
L 1916.0762 1634.2129
L 1920.3184 1617.5918
L 1922.0371 1587.6758
L 1921.5781 1576.3281
L 1918.7031 1570.1875
L 1918.7012 1570.1875
C 1918.4447 1571.2796 1915.7694 1571.9287 1915.4297 1573.3008
C 1912.6024 1575.0884 1915.2822 1578.1134 1915.6035 1580.4199
C 1914.1794 1581.8188 1913.3686 1583.9996 1912.4219 1585.9199
C 1913.5937 1588.9941 1916.732 1591.4332 1916.2832 1595.1035
C 1915.3585 1597.956 1916.9808 1600.6295 1916.8105 1603.4551
C 1917.156 1605.918 1914.0349 1606.5135 1913.9062 1608.4727
C 1914.9569 1611.0839 1912.5246 1612.7358 1910.9883 1614.2637
C 1910.0477 1617.6165 1908.715 1613.4385 1908.3359 1612.0703
C 1907.7077 1610.0068 1905.0763 1609.9571 1905.6035 1607.3184
C 1903.4856 1607.3604 1901.7885 1605.8504 1900.0547 1605.1973
C 1898.4283 1606.3883 1896.6676 1605.7177 1894.8848 1605.1934
z