PROVINCE ECCLÉSIASTIQUE DE COLOGNE
============================================================

Diocèses de la province (1) :
  - Liège

============================================================


############################################################
# 1. DIOCÈSE DE LIÈGE
############################################################

m 1309.541,280.76562 6.586,7.29493 13.7792,3.72851 2.4317,-4.86328 16.3301,-0.96094
c -0.018,-0.0158 -0.03,-0.0429 -0.049,-0.0586 0.095,-3.83108 -2.0656,-1.14198 -4.0937,-2.375 -3.509,-0.53684 -3.7787,-6.06321 -0.6563,-7.28125 2.7853,-2.48513 0.03,-7.27124 3.4063,-9.625 0.1731,-1.50744 -2.4081,-4.46064 0.4375,-5.4375 1.4751,-1.31122 -0.2885,-6.15236 2.9062,-4.625 1.771,3.4383 1.2466,-4.90096 1.2188,-3.46875 -1.0366,-2.21317 3.7171,-3.3384 1.0312,-5.0625 -0.1156,-2.96039 -3.5792,-1.35234 -5.4687,-0.9375 -2.1567,0.57421 -0.4734,-5.4036 -3.7813,-2.875 -1.0974,3.032 -3.8403,4.29922 -6.5312,5.53125 -1.1353,2.17285 -1.5678,4.93639 -4.5313,5.25 -3.0214,1.15927 -5.6014,4.64423 -4.625,7.75 1.9781,3.01044 -0.647,6.85333 -1.0625,10.09375 -0.2848,3.6793 -5.1162,3.22857 -7.75,4 -2.8765,-0.23179 -5.0089,1.47719 -7.0937,3.0625 -0.9926,-0.0374 -1.7735,0.34026 -2.4844,0.85937
z

