M 969.04297 1589.3945
L 961.76758 1575.6582
L 962.90234 1570.4707
L 968.90039 1567.2285
L 965.17188 1561.2305
L 965.98242 1552.8008
L 954.63477 1541.1289
L 952.36523 1526.5391
L 946.5293 1517.623
L 939.7207 1515.5156
L 937.28906 1524.2695
L 930.9668 1527.3496
L 925.29297 1554.584
L 926.91406 1559.7715
L 925.29297 1560.582
L 917.99805 1562.041
L 914.26953 1569.3359
L 912.32422 1574.1992
L 918.16016 1572.9023
L 919.78125 1574.1992
L 917.51172 1579.873
L 917.1875 1584.0859
L 913.7832 1586.0312
L 911.51367 1588.3008
L 914.26953 1593.9746
L 912 1601.1074
L 908.46289 1606.2539
C 909.3896 1607.3189 908.71433 1609.3764 910.1875 1610.625
C 914.02479 1609.772 913.71915 1613.9528 915.15625 1616.125
C 918.32107 1618.4245 916.59038 1623.1718 919.15625 1625.5938
C 919.67089 1628.5949 925.86854 1627.5199 924.375 1624.1562
C 922.42931 1622.5998 925.58774 1615.9095 927.4375 1619.0938
C 930.45687 1620.6697 934.37608 1614.953 937.34375 1618.8125
C 937.80762 1622.2653 941.61709 1622.1936 944.03125 1623.125
C 946.79765 1622.0838 948.82165 1624.7496 951.8125 1623
C 953.77155 1624.1617 959.22073 1624.0832 957.1875 1627
C 954.64884 1630.0243 960.30832 1630.6719 962.40625 1630.9375
C 962.65119 1631.1726 962.83665 1631.3759 962.97852 1631.5586
L 973.16797 1625.1582
L 979.58789 1626.3047
L 982.56836 1617.3633
L 979.58789 1608.6523
L 982.79688 1601.7734
L 981.19336 1599.252
L 970.18945 1596.043
L 969.04297 1589.3945
z