PROVINCE ECCLÉSIASTIQUE DE ARLES
============================================================

Diocèses de la province (5) :
  - Arles
  - Marseille
  - Orange
  - Tricastin
  - Toulon

============================================================


############################################################
# 1. DIOCÈSE DE ARLES
############################################################

M 1311.543 1386.2793
L 1306.041 1389.2598
L 1304.666 1394.9902
L 1301.4551 1403.7012
L 1296.8711 1413.1016
L 1299.8516 1419.9785
L 1299.1641 1430.5234
L 1294.3496 1435.1094
L 1293.2031 1439.4648
L 1298.2461 1440.8398
L 1297.0996 1444.2793
L 1292.7441 1447.4883
L 1272.1113 1458.9512
L 1268.9023 1464.2246
L 1268.7773 1470.0723
C 1269.1558 1470.1053 1269.5199 1470.211 1269.9004 1470.2266
C 1270.6959 1470.2596 1271.4934 1470.264 1272.2812 1470.25
C 1278.0784 1470.1308 1283.776 1471.1515 1289.2812 1472.9688
C 1291.1827 1472.3275 1293.4331 1473.4639 1295.3125 1472.3438
C 1299.8781 1471.2712 1305.0671 1470.7992 1309.5 1472.8125
C 1312.2966 1473.8302 1317.1462 1475.4706 1316.125 1479.2188
C 1315.6316 1481.9335 1312.283 1483.6162 1312.7812 1486.4688
C 1314.813 1490.6907 1319.9669 1489.9271 1323.8438 1490.25
C 1329.8682 1490.274 1335.8935 1490.5041 1341.9062 1490.9375
C 1345.6194 1491.7438 1344.7154 1486.1687 1342.125 1485.4062
C 1338.3049 1482.7327 1332.7311 1480.7053 1332.3125 1475.3125
C 1332.5784 1471.8307 1333.9024 1468.4621 1333 1464.9375
C 1333.9539 1459.4951 1329.5135 1455.3112 1328.4688 1450.3438
C 1330.7702 1451.121 1331.5969 1453.9563 1332.8125 1455.875
C 1336.6975 1461.3024 1335.0099 1468.1469 1334.0938 1474.2188
C 1333.061 1478.0649 1337.0227 1480.1132 1339.625 1481.9375
C 1342.9038 1483.3292 1345.2643 1486.4225 1348.4688 1487.5312
C 1351.1735 1489.4706 1350.9471 1486.1115 1350.125 1484.4688
C 1347.4599 1484.4348 1346.5296 1481.7409 1348.7812 1480.125
C 1350.4727 1479.0258 1351.7872 1478.315 1353.875 1478.25
C 1355.2562 1476.6905 1357.3332 1475.7031 1359.3125 1477.125
C 1360.2638 1478.9348 1362.6374 1477.476 1363.4629 1478.5605
C 1363.6178 1478.764 1363.7243 1479.047 1363.75 1479.4688
C 1364.0026 1482.607 1366.9823 1479.7485 1368.4688 1480.125
C 1370.512 1480.156 1372.528 1478.8927 1374.125 1477.7188
C 1375.3053 1475.4651 1375.0634 1472.1704 1374.125 1469.8125
C 1373.4069 1467.0949 1370.0107 1468.6898 1368.9375 1466.5938
C 1369.5725 1464.4008 1367.0965 1462.7429 1368.5938 1460.7188
C 1370.9351 1459.3419 1368.6518 1456.5551 1369.875 1454.625
C 1371.9085 1453.2673 1371.8969 1457.403 1373.8125 1457.75
C 1375.7647 1457.4654 1377.4632 1458.2287 1379.5625 1458.0938
C 1382.412 1457.7586 1383.3151 1460.3674 1381.125 1461.9375
C 1381.3498 1465.3006 1385.1801 1465.9528 1386.75 1468.5312
C 1389.9977 1469.3937 1391.8978 1464.7036 1395.1875 1465
C 1396.7789 1466.4975 1395.5814 1469.3111 1396.0312 1471.125
C 1393.8701 1472.2228 1391.6349 1473.7513 1391.0625 1476.2812
C 1389.2891 1477.6672 1387.0104 1478.2333 1385.4375 1479.9062
C 1382.9572 1478.7667 1380.4374 1480.2967 1377.9062 1479.75
C 1375.3586 1478.7761 1373.0702 1480.1829 1371.1562 1481.625
C 1368.1457 1482.2648 1367.2593 1485.7537 1368.6875 1488.25
C 1370.6385 1489.3489 1369.8949 1492.6324 1372.6875 1492.8125
C 1374.4796 1494.25 1376.979 1493.3031 1379.0312 1494.4062
C 1380.833 1493.1917 1382.9695 1493.7974 1384.875 1493.9375
C 1386.9353 1493.5936 1388.7765 1495.2261 1390.5 1493.25
C 1393.1999 1494.7712 1396.3681 1493.9189 1398.9688 1492.5938
C 1400.6525 1491.1227 1402.6328 1490.3738 1404.6875 1489.5938
C 1405.0853 1489.3547 1405.4738 1489.206 1405.8555 1489.1113
L 1400.377 1479.584
L 1399.4609 1474.8848
L 1401.1797 1469.3828
L 1407.5547 1465.9121
L 1407.7168 1462.0215
L 1404.1504 1456.1855
L 1395.5586 1453.2676
L 1390.0469 1457.6445
L 1383.4004 1454.0781
L 1376.2695 1445.9746
L 1375.2969 1440.7871
L 1380.9707 1439.3281
L 1384.2109 1434.7891
L 1383.4004 1423.4414
L 1375.9453 1425.3867
L 1367.5156 1425.3867
L 1357.4648 1416.1465
L 1346.1172 1410.4727
L 1342.3887 1411.2832
L 1338.9844 1408.6895
L 1342.2266 1402.043
L 1343.5234 1397.8281
L 1342.5508 1395.7207
L 1335.2559 1397.666
L 1330.0684 1404.3125
L 1323.584 1408.6895
L 1322.4492 1402.5293
L 1320.1797 1399.7734
L 1324.3945 1396.207
L 1322.7754 1393.1562
L 1318.4199 1393.1562
L 1312.918 1391.7812
L 1311.543 1386.2793
z


############################################################
# 2. DIOCÈSE DE MARSEILLE
############################################################

M 1407.5547 1465.9121
L 1401.1797 1469.3828
L 1399.4609 1474.8848
L 1400.377 1479.584
L 1405.8555 1489.1113
C 1408.9989 1488.3319 1411.5428 1492.0931 1412.5938 1494.75
C 1412.6517 1496.7674 1413.0841 1499.1889 1412.1562 1500.9688
C 1409.7186 1502.7995 1413.195 1504.0685 1414.125 1505.4375
C 1414.7116 1508.7138 1410.7449 1510.4069 1411.2812 1513.75
C 1413.0694 1516.7819 1417.1311 1515.7995 1420.0625 1516.375
C 1421.5171 1514.0397 1424.3087 1518.6236 1425.3125 1515.625
C 1427.5709 1516.3566 1429.5166 1518.6084 1432.0938 1517.875
C 1433.3445 1516.9112 1435.5289 1514.2121 1436.8125 1516.75
C 1436.8225 1519.7552 1439.6825 1521.1709 1441.9375 1522.4688
C 1444.2436 1524.7783 1444.8851 1522.1561 1446.3125 1520.8438
C 1448.6087 1521.0684 1451.083 1520.7402 1453.4062 1521.3125
C 1456.255 1521.8047 1454.7546 1524.5105 1454.5625 1526.1562
C 1455.87 1527.5693 1458.2982 1526.8118 1459.1562 1529.2188
C 1460.9594 1531.5883 1464.2419 1527.6233 1465.5625 1530.1562
C 1465.5206 1530.2539 1465.5126 1530.331 1465.4785 1530.4238
L 1479.6914 1521.0273
L 1493.4707 1516.8145
L 1493.7949 1513.5723
L 1490.7148 1510.0059
L 1493.957 1505.6289
L 1492.6602 1498.8203
L 1492.8223 1492.0117
L 1490.7148 1490.3906
L 1486.3379 1492.0117
L 1482.9336 1489.2559
L 1477.9082 1488.7695
L 1471.5859 1487.959
L 1471.9102 1482.123
L 1477.0977 1476.7734
L 1473.5312 1475.1523
L 1463.6426 1477.2598
L 1456.1855 1479.5293
L 1443.543 1476.2871
L 1434.627 1479.3672
L 1432.0332 1476.2871
L 1427.9805 1476.6113
L 1420.6855 1479.6914
L 1415.0117 1476.2871
L 1408.5273 1467.0469
L 1407.5547 1465.9121
z


############################################################
# 3. DIOCÈSE DE ORANGE
############################################################

M 1351.5742 1315.7305
L 1343.3438 1318.3203
L 1342.8672 1318.5156
L 1342.8672 1320.0938
L 1342.8047 1321.7188
L 1340.8359 1323.5
L 1339.5547 1323.7188
L 1338.9922 1324.9375
L 1338.4609 1325.2812
L 1337.8047 1325.3125
L 1332.0547 1324.25
L 1331.3047 1322.5938
L 1330.0078 1322.4062
L 1326.6367 1322.9551
L 1325.8047 1323.25
L 1322.6543 1323.6035
L 1322.1895 1323.6777
L 1324.8398 1329.8828
L 1329.9375 1351.5625
L 1334.7695 1351.9531
L 1345.793 1348.3867
L 1352.4082 1347.6172
L 1357.0332 1353.1172
L 1366.2188 1354.2227
L 1371.5176 1346.6016
L 1368.1641 1341.2539
L 1362.0957 1342.5625
L 1362.1895 1334.1562
L 1355.1152 1330.5547
L 1353.0078 1327.7988
L 1354.8457 1321.2129
L 1351.5742 1315.7305
z

 M 1342.8742 1317.5772
L 1337.5421 1319.7607
L 1329.5382 1321.6631
L 1322.1886 1323.6553
L 1325.8136 1323.249
L 1328.7199 1322.2178
L 1331.3136 1322.5928
L 1332.0636 1324.249
L 1337.8136 1325.3115
L 1338.4699 1325.2803
L 1339.0011 1324.9365
L 1339.5636 1323.7178
L 1340.8449 1323.499
L 1342.8136 1321.7178
L 1342.8742 1320.0928
L 1342.8742 1317.5772
z


############################################################
# 4. DIOCÈSE DE TRICASTIN
############################################################

M 1334.5273 1267.334
L 1330.3125 1268.7129
L 1328.043 1271.2246
L 1324.2324 1276.25
L 1324.2324 1283.3008
L 1319.4512 1297.6484
L 1319.2891 1306.5645
L 1320.4082 1316.9629
L 1322.3047 1317.5
L 1322.3984 1316.8125
L 1322.0625 1310.0938
L 1326.0312 1311.8438
L 1330.498 1311.875
L 1330.498 1311.8438
L 1330.5293 1311.2188
L 1331.6855 1310.7188
L 1337.2461 1311
L 1338.4648 1312.4375
L 1339.6816 1312.4688
L 1341.7129 1314.8125
L 1342.8672 1315.0625
L 1342.8672 1318.5156
L 1343.3438 1318.3203
L 1351.5742 1315.7305
L 1351.5176 1315.6348
L 1358.1133 1311.1035
L 1362.2461 1310.4551
L 1362.7324 1304.1328
L 1359.0859 1300.8906
L 1359.7344 1294.6484
L 1358.5176 1291.8125
L 1352.6836 1294.8105
L 1350.4141 1291.3262
L 1351.5488 1287.0293
L 1354.3848 1282.168
L 1351.4668 1273.9004
L 1349.8457 1268.9551
L 1345.793 1270.4141
L 1337.5254 1268.875
L 1334.5273 1267.334
z

m 1322.0636,1310.0947 0.3438,6.7168 -0.094,0.6875 -0.4375,4 0.3125,2.1563 7.3496,-1.9922 8.0039,-1.9024 5.3321,-2.1835
v -2.5157
l -1.1563,-0.25 -2.0312,-2.3437 -1.2188,-0.031 -1.2187,-1.4375 -5.5625,-0.2793 -1.1563,0.5 -0.031,0.625
v 0.029
l -4.4688,-0.029
z


############################################################
# 5. DIOCÈSE DE TOULON
############################################################

M 1492.8223 1492.0117
L 1492.6602 1498.8203
L 1493.957 1505.6289
L 1490.7148 1510.0059
L 1493.7949 1513.5723
L 1493.4707 1516.8145
L 1479.6914 1521.0273
L 1465.4785 1530.4238
C 1464.5278 1533.0116 1466.5333 1533.794 1468.9375 1533.4062
C 1472.0966 1534.7098 1468.5792 1535.9636 1466.9688 1536.25
C 1464.6388 1536.6086 1464.0559 1541.5808 1466.9062 1540.75
C 1470.1705 1539.9413 1470.2994 1544.4314 1472.9062 1545.0625
C 1475.1708 1545.7911 1478.0833 1545.8542 1477.75 1542.625
C 1478.995 1541.5253 1480.2779 1538.6719 1482.2812 1540.2812
C 1484.4181 1542.285 1487.1291 1538.776 1483.4688 1538.9375
C 1481.3519 1538.4084 1482.7577 1534.6009 1479.5938 1535.3125
C 1476.9796 1534.2537 1481.1518 1532.793 1482.4062 1532.7188
C 1483.3009 1531.1952 1487.5648 1531.2608 1485.8438 1533.5
C 1484.313 1536.8337 1487.7055 1533.8685 1489.1875 1534.75
C 1491.3381 1536.8718 1494.1626 1533.8037 1496.375 1535.125
C 1496.9442 1538.3542 1500.3934 1538.3464 1502.8438 1536.8438
C 1505.3971 1536.6296 1509.7018 1537.4443 1509.375 1540.875
C 1510.1631 1543.4176 1508.2194 1544.8617 1505.8438 1544.4062
C 1502.6832 1543.6808 1503.8536 1547.6322 1506.4375 1546.4375
C 1508.4103 1546.2475 1510.5485 1545.5788 1512.5312 1546.3125
C 1514.0333 1548.0626 1518.3206 1545.2707 1515.0312 1544.5625
C 1511.6997 1544.5805 1514.7186 1540.9489 1513.7812 1539.0625
C 1513.274 1535.526 1516.0494 1531.0974 1520.0312 1532.5
C 1522.6282 1533.7758 1524.7297 1530.4879 1527.1562 1531.4062
C 1529.1002 1533.0765 1531.722 1532.8734 1533.8125 1534.1562
C 1535.0978 1535.3737 1533.7735 1538.7465 1536.625 1538.5
C 1538.1106 1538.469 1541.6252 1540.286 1540.5625 1536.9062
C 1539.0836 1535.215 1540.0786 1533.0892 1539.375 1531.1562
C 1539.443 1528.3599 1542.8135 1528.8198 1543.8125 1526.6562
C 1545.5412 1525.5738 1548.1632 1527.9807 1548.9688 1525.0312
C 1550.1947 1524.9773 1551.4474 1525.0735 1552.7051 1525.1035
L 1548.9102 1513.0859
L 1543.7227 1510.4922
L 1543.3984 1505.6289
L 1543.3984 1499.6309
L 1537.7246 1499.4688
L 1528.1602 1504.6562
L 1522.8105 1504.4941
L 1521.0273 1501.4141
L 1523.9453 1498.1719
L 1523.9453 1495.5781
L 1518.4336 1490.0664
L 1512.1133 1494.6055
L 1504.9805 1493.7949
L 1500.2793 1497.5234
L 1497.5234 1493.4707
L 1494.9297 1493.6328
L 1492.8223 1492.0117
z

m 1523.5977,1549.0879
c -0.813,-0.056 -2.2667,1.6608 -2.5997,2.5723 -1.413,1.9772 -3.9774,0.022 -5.125,1.9863 -1.9908,3.1283 2.8597,0.1417 2.6446,2.8965 2.8297,0.1633 6.0296,-3.0008 5.6269,-6.0391 0.06,-0.9998 -0.1773,-1.3907 -0.5468,-1.416
z

m 1543.8672,1550.9062
c -1.309,-0.1029 -3.3551,1.2342 -2.334,2.418 0.9262,1.0722 2.6343,-0.478 3.3047,-1.2344 0.067,-0.7922 -0.3757,-1.1367 -0.9707,-1.1836
z

m 1556.5801,1543.0664
c -1.3252,0.037 -2.7048,1.55 -3.7207,2.2559 -0.5929,2.7754 -3.7047,3.0908 -4.9024,5.4238 0.2906,1.8448 1.6353,1.2911 2.5996,0.3769 1.6495,-0.063 3.0236,-1.0187 3.7032,-3.0625 0.4692,-2.167 2.4554,-3.2353 3.6113,-4.455 -0.4137,-0.4002 -0.8493,-0.5516 -1.291,-0.5391
z

