M 1311.543 1386.2793
L 1306.041 1389.2598
L 1304.666 1394.9902
L 1301.4551 1403.7012
L 1296.8711 1413.1016
L 1299.8516 1419.9785
L 1299.1641 1430.5234
L 1294.3496 1435.1094
L 1293.2031 1439.4648
L 1298.2461 1440.8398
L 1297.0996 1444.2793
L 1292.7441 1447.4883
L 1272.1113 1458.9512
L 1268.9023 1464.2246
L 1268.7773 1470.0723
C 1269.1558 1470.1053 1269.5199 1470.211 1269.9004 1470.2266
C 1270.6959 1470.2596 1271.4934 1470.264 1272.2812 1470.25
C 1278.0784 1470.1308 1283.776 1471.1515 1289.2812 1472.9688
C 1291.1827 1472.3275 1293.4331 1473.4639 1295.3125 1472.3438
C 1299.8781 1471.2712 1305.0671 1470.7992 1309.5 1472.8125
C 1312.2966 1473.8302 1317.1462 1475.4706 1316.125 1479.2188
C 1315.6316 1481.9335 1312.283 1483.6162 1312.7812 1486.4688
C 1314.813 1490.6907 1319.9669 1489.9271 1323.8438 1490.25
C 1329.8682 1490.274 1335.8935 1490.5041 1341.9062 1490.9375
C 1345.6194 1491.7438 1344.7154 1486.1687 1342.125 1485.4062
C 1338.3049 1482.7327 1332.7311 1480.7053 1332.3125 1475.3125
C 1332.5784 1471.8307 1333.9024 1468.4621 1333 1464.9375
C 1333.9539 1459.4951 1329.5135 1455.3112 1328.4688 1450.3438
C 1330.7702 1451.121 1331.5969 1453.9563 1332.8125 1455.875
C 1336.6975 1461.3024 1335.0099 1468.1469 1334.0938 1474.2188
C 1333.061 1478.0649 1337.0227 1480.1132 1339.625 1481.9375
C 1342.9038 1483.3292 1345.2643 1486.4225 1348.4688 1487.5312
C 1351.1735 1489.4706 1350.9471 1486.1115 1350.125 1484.4688
C 1347.4599 1484.4348 1346.5296 1481.7409 1348.7812 1480.125
C 1350.4727 1479.0258 1351.7872 1478.315 1353.875 1478.25
C 1355.2562 1476.6905 1357.3332 1475.7031 1359.3125 1477.125
C 1360.2638 1478.9348 1362.6374 1477.476 1363.4629 1478.5605
C 1363.6178 1478.764 1363.7243 1479.047 1363.75 1479.4688
C 1364.0026 1482.607 1366.9823 1479.7485 1368.4688 1480.125
C 1370.512 1480.156 1372.528 1478.8927 1374.125 1477.7188
C 1375.3053 1475.4651 1375.0634 1472.1704 1374.125 1469.8125
C 1373.4069 1467.0949 1370.0107 1468.6898 1368.9375 1466.5938
C 1369.5725 1464.4008 1367.0965 1462.7429 1368.5938 1460.7188
C 1370.9351 1459.3419 1368.6518 1456.5551 1369.875 1454.625
C 1371.9085 1453.2673 1371.8969 1457.403 1373.8125 1457.75
C 1375.7647 1457.4654 1377.4632 1458.2287 1379.5625 1458.0938
C 1382.412 1457.7586 1383.3151 1460.3674 1381.125 1461.9375
C 1381.3498 1465.3006 1385.1801 1465.9528 1386.75 1468.5312
C 1389.9977 1469.3937 1391.8978 1464.7036 1395.1875 1465
C 1396.7789 1466.4975 1395.5814 1469.3111 1396.0312 1471.125
C 1393.8701 1472.2228 1391.6349 1473.7513 1391.0625 1476.2812
C 1389.2891 1477.6672 1387.0104 1478.2333 1385.4375 1479.9062
C 1382.9572 1478.7667 1380.4374 1480.2967 1377.9062 1479.75
C 1375.3586 1478.7761 1373.0702 1480.1829 1371.1562 1481.625
C 1368.1457 1482.2648 1367.2593 1485.7537 1368.6875 1488.25
C 1370.6385 1489.3489 1369.8949 1492.6324 1372.6875 1492.8125
C 1374.4796 1494.25 1376.979 1493.3031 1379.0312 1494.4062
C 1380.833 1493.1917 1382.9695 1493.7974 1384.875 1493.9375
C 1386.9353 1493.5936 1388.7765 1495.2261 1390.5 1493.25
C 1393.1999 1494.7712 1396.3681 1493.9189 1398.9688 1492.5938
C 1400.6525 1491.1227 1402.6328 1490.3738 1404.6875 1489.5938
C 1405.0853 1489.3547 1405.4738 1489.206 1405.8555 1489.1113
L 1400.377 1479.584
L 1399.4609 1474.8848
L 1401.1797 1469.3828
L 1407.5547 1465.9121
L 1407.7168 1462.0215
L 1404.1504 1456.1855
L 1395.5586 1453.2676
L 1390.0469 1457.6445
L 1383.4004 1454.0781
L 1376.2695 1445.9746
L 1375.2969 1440.7871
L 1380.9707 1439.3281
L 1384.2109 1434.7891
L 1383.4004 1423.4414
L 1375.9453 1425.3867
L 1367.5156 1425.3867
L 1357.4648 1416.1465
L 1346.1172 1410.4727
L 1342.3887 1411.2832
L 1338.9844 1408.6895
L 1342.2266 1402.043
L 1343.5234 1397.8281
L 1342.5508 1395.7207
L 1335.2559 1397.666
L 1330.0684 1404.3125
L 1323.584 1408.6895
L 1322.4492 1402.5293
L 1320.1797 1399.7734
L 1324.3945 1396.207
L 1322.7754 1393.1562
L 1318.4199 1393.1562
L 1312.918 1391.7812
L 1311.543 1386.2793
z