M 1407.5547 1465.9121
L 1401.1797 1469.3828
L 1399.4609 1474.8848
L 1400.377 1479.584
L 1405.8555 1489.1113
C 1408.9989 1488.3319 1411.5428 1492.0931 1412.5938 1494.75
C 1412.6517 1496.7674 1413.0841 1499.1889 1412.1562 1500.9688
C 1409.7186 1502.7995 1413.195 1504.0685 1414.125 1505.4375
C 1414.7116 1508.7138 1410.7449 1510.4069 1411.2812 1513.75
C 1413.0694 1516.7819 1417.1311 1515.7995 1420.0625 1516.375
C 1421.5171 1514.0397 1424.3087 1518.6236 1425.3125 1515.625
C 1427.5709 1516.3566 1429.5166 1518.6084 1432.0938 1517.875
C 1433.3445 1516.9112 1435.5289 1514.2121 1436.8125 1516.75
C 1436.8225 1519.7552 1439.6825 1521.1709 1441.9375 1522.4688
C 1444.2436 1524.7783 1444.8851 1522.1561 1446.3125 1520.8438
C 1448.6087 1521.0684 1451.083 1520.7402 1453.4062 1521.3125
C 1456.255 1521.8047 1454.7546 1524.5105 1454.5625 1526.1562
C 1455.87 1527.5693 1458.2982 1526.8118 1459.1562 1529.2188
C 1460.9594 1531.5883 1464.2419 1527.6233 1465.5625 1530.1562
C 1465.5206 1530.2539 1465.5126 1530.331 1465.4785 1530.4238
L 1479.6914 1521.0273
L 1493.4707 1516.8145
L 1493.7949 1513.5723
L 1490.7148 1510.0059
L 1493.957 1505.6289
L 1492.6602 1498.8203
L 1492.8223 1492.0117
L 1490.7148 1490.3906
L 1486.3379 1492.0117
L 1482.9336 1489.2559
L 1477.9082 1488.7695
L 1471.5859 1487.959
L 1471.9102 1482.123
L 1477.0977 1476.7734
L 1473.5312 1475.1523
L 1463.6426 1477.2598
L 1456.1855 1479.5293
L 1443.543 1476.2871
L 1434.627 1479.3672
L 1432.0332 1476.2871
L 1427.9805 1476.6113
L 1420.6855 1479.6914
L 1415.0117 1476.2871
L 1408.5273 1467.0469
L 1407.5547 1465.9121
z