M 1334.5273 1267.334
L 1330.3125 1268.7129
L 1328.043 1271.2246
L 1324.2324 1276.25
L 1324.2324 1283.3008
L 1319.4512 1297.6484
L 1319.2891 1306.5645
L 1320.4082 1316.9629
L 1322.3047 1317.5
L 1322.3984 1316.8125
L 1322.0625 1310.0938
L 1326.0312 1311.8438
L 1330.498 1311.875
L 1330.498 1311.8438
L 1330.5293 1311.2188
L 1331.6855 1310.7188
L 1337.2461 1311
L 1338.4648 1312.4375
L 1339.6816 1312.4688
L 1341.7129 1314.8125
L 1342.8672 1315.0625
L 1342.8672 1318.5156
L 1343.3438 1318.3203
L 1351.5742 1315.7305
L 1351.5176 1315.6348
L 1358.1133 1311.1035
L 1362.2461 1310.4551
L 1362.7324 1304.1328
L 1359.0859 1300.8906
L 1359.7344 1294.6484
L 1358.5176 1291.8125
L 1352.6836 1294.8105
L 1350.4141 1291.3262
L 1351.5488 1287.0293
L 1354.3848 1282.168
L 1351.4668 1273.9004
L 1349.8457 1268.9551
L 1345.793 1270.4141
L 1337.5254 1268.875
L 1334.5273 1267.334
z

m 1322.0636,1310.0947 0.3438,6.7168 -0.094,0.6875 -0.4375,4 0.3125,2.1563 7.3496,-1.9922 8.0039,-1.9024 5.3321,-2.1835
v -2.5157
l -1.1563,-0.25 -2.0312,-2.3437 -1.2188,-0.031 -1.2187,-1.4375 -5.5625,-0.2793 -1.1563,0.5 -0.031,0.625
v 0.029
l -4.4688,-0.029
z