M 1492.8223 1492.0117
L 1492.6602 1498.8203
L 1493.957 1505.6289
L 1490.7148 1510.0059
L 1493.7949 1513.5723
L 1493.4707 1516.8145
L 1479.6914 1521.0273
L 1465.4785 1530.4238
C 1464.5278 1533.0116 1466.5333 1533.794 1468.9375 1533.4062
C 1472.0966 1534.7098 1468.5792 1535.9636 1466.9688 1536.25
C 1464.6388 1536.6086 1464.0559 1541.5808 1466.9062 1540.75
C 1470.1705 1539.9413 1470.2994 1544.4314 1472.9062 1545.0625
C 1475.1708 1545.7911 1478.0833 1545.8542 1477.75 1542.625
C 1478.995 1541.5253 1480.2779 1538.6719 1482.2812 1540.2812
C 1484.4181 1542.285 1487.1291 1538.776 1483.4688 1538.9375
C 1481.3519 1538.4084 1482.7577 1534.6009 1479.5938 1535.3125
C 1476.9796 1534.2537 1481.1518 1532.793 1482.4062 1532.7188
C 1483.3009 1531.1952 1487.5648 1531.2608 1485.8438 1533.5
C 1484.313 1536.8337 1487.7055 1533.8685 1489.1875 1534.75
C 1491.3381 1536.8718 1494.1626 1533.8037 1496.375 1535.125
C 1496.9442 1538.3542 1500.3934 1538.3464 1502.8438 1536.8438
C 1505.3971 1536.6296 1509.7018 1537.4443 1509.375 1540.875
C 1510.1631 1543.4176 1508.2194 1544.8617 1505.8438 1544.4062
C 1502.6832 1543.6808 1503.8536 1547.6322 1506.4375 1546.4375
C 1508.4103 1546.2475 1510.5485 1545.5788 1512.5312 1546.3125
C 1514.0333 1548.0626 1518.3206 1545.2707 1515.0312 1544.5625
C 1511.6997 1544.5805 1514.7186 1540.9489 1513.7812 1539.0625
C 1513.274 1535.526 1516.0494 1531.0974 1520.0312 1532.5
C 1522.6282 1533.7758 1524.7297 1530.4879 1527.1562 1531.4062
C 1529.1002 1533.0765 1531.722 1532.8734 1533.8125 1534.1562
C 1535.0978 1535.3737 1533.7735 1538.7465 1536.625 1538.5
C 1538.1106 1538.469 1541.6252 1540.286 1540.5625 1536.9062
C 1539.0836 1535.215 1540.0786 1533.0892 1539.375 1531.1562
C 1539.443 1528.3599 1542.8135 1528.8198 1543.8125 1526.6562
C 1545.5412 1525.5738 1548.1632 1527.9807 1548.9688 1525.0312
C 1550.1947 1524.9773 1551.4474 1525.0735 1552.7051 1525.1035
L 1548.9102 1513.0859
L 1543.7227 1510.4922
L 1543.3984 1505.6289
L 1543.3984 1499.6309
L 1537.7246 1499.4688
L 1528.1602 1504.6562
L 1522.8105 1504.4941
L 1521.0273 1501.4141
L 1523.9453 1498.1719
L 1523.9453 1495.5781
L 1518.4336 1490.0664
L 1512.1133 1494.6055
L 1504.9805 1493.7949
L 1500.2793 1497.5234
L 1497.5234 1493.4707
L 1494.9297 1493.6328
L 1492.8223 1492.0117
z

m 1523.5977,1549.0879
c -0.813,-0.056 -2.2667,1.6608 -2.5997,2.5723 -1.413,1.9772 -3.9774,0.022 -5.125,1.9863 -1.9908,3.1283 2.8597,0.1417 2.6446,2.8965 2.8297,0.1633 6.0296,-3.0008 5.6269,-6.0391 0.06,-0.9998 -0.1773,-1.3907 -0.5468,-1.416
z

m 1543.8672,1550.9062
c -1.309,-0.1029 -3.3551,1.2342 -2.334,2.418 0.9262,1.0722 2.6343,-0.478 3.3047,-1.2344 0.067,-0.7922 -0.3757,-1.1367 -0.9707,-1.1836
z

m 1556.5801,1543.0664
c -1.3252,0.037 -2.7048,1.55 -3.7207,2.2559 -0.5929,2.7754 -3.7047,3.0908 -4.9024,5.4238 0.2906,1.8448 1.6353,1.2911 2.5996,0.3769 1.6495,-0.063 3.0236,-1.0187 3.7032,-3.0625 0.4692,-2.167 2.4554,-3.2353 3.6113,-4.455 -0.4137,-0.4002 -0.8493,-0.5516 -1.291,-0.5391
z