PROVINCE ECCLÉSIASTIQUE DE BORDEAUX
============================================================

Diocèses de la province (10) :
  - Bordeaux
  - Agen
  - Angoulême
  - Condom
  - Luçon
  - Périgueux
  - Poitiers
  - La_Rochelle
  - Saintes
  - Sariat

============================================================


############################################################
# 1. DIOCÈSE DE BORDEAUX
############################################################

M 732.91406 1226.0332
L 740.00781 1215.9473
L 738.22461 1212.0566
L 741.14258 1204.1133
L 746.33008 1203.627
L 745.0332 1197.4668
L 745.51953 1191.3066
L 742.43945 1184.498
L 739.52148 1178.8262
L 735.46875 1180.6094
L 731.41602 1182.3906
L 728.33594 1182.0664
L 726.22852 1177.5293
L 720.23047 1177.5293
L 717.63672 1182.0664
L 715.20508 1182.877
L 706.93945 1180.2852
L 703.21094 1176.0703
L 701.10352 1174.2871
L 697.375 1175.0977
L 691.70117 1169.5859
L 689.43164 1173.3145
L 683.10938 1148.1875
L 679.21875 1144.6211
L 671.92383 1144.459
L 668.35742 1143.1621
L 666.73633 1136.6777
L 663.00781 1136.8398
L 659.2793 1141.0547
L 645.85352 1138.6289
C 646.2906 1141.908 646.63656 1145.2016 646.86133 1148.5234
C 647.81721 1153.9443 648.5072 1159.378 648.83008 1164.8672
C 650.33536 1169.8563 651.45361 1175.5048 655.64258 1178.9922
C 659.26319 1183.4804 666.53401 1181.4601 669.95508 1186.0234
C 670.49853 1187.1107 672.2969 1190.2539 671.36133 1190.3359
C 668.42063 1186.7015 663.71669 1184.9417 659.11133 1185.6484
C 660.38562 1187.1767 662.24415 1188.1126 663.58008 1189.5547
C 667.69932 1192.42 664.68435 1197.5963 665.26758 1201.5547
C 665.34038 1204.3328 666.83045 1207.6291 665.61133 1210.0859
C 664.46275 1208.3447 664.03967 1206.1397 663.64258 1204.1172
C 662.35344 1199.5884 665.32722 1194.3536 661.86133 1190.4922
C 656.9858 1186.9016 651.6502 1183.2784 648.79883 1177.7422
C 646.35842 1174.4863 644.77119 1170.7642 643.73633 1166.8047
C 643.41517 1163.1681 642.11698 1159.6888 642.01758 1156.0547
C 641.25293 1152.7494 641.79124 1149.4288 641.29883 1146.0859
C 639.70798 1142.2775 638.63678 1138.2475 637.83008 1134.2109
C 635.42384 1129.6036 633.79435 1124.2277 629.70508 1120.7734
C 627.57908 1118.1509 623.80512 1117.0279 622.48633 1113.7422
C 619.71708 1110.8852 618.12426 1106.6141 614.11133 1105.3047
C 610.52781 1105.1139 607.69773 1102.8597 605.64258 1100.1484
C 604.4821 1098.1936 602.51536 1097.0911 600.95508 1095.5547
C 597.51206 1092.8919 602.7765 1088.5333 600.11133 1085.4922
C 596.79697 1085.1472 595.46382 1088.8312 594.26758 1091.2422
C 593.19305 1094.922 589.44703 1097.4888 589.61133 1101.5234
C 590.39709 1105.5067 588.33132 1109.3113 588.67383 1113.3672
C 587.68988 1119.2628 588.88778 1125.1851 588.42383 1131.0859
C 587.3097 1140.031 587.05967 1149.0682 584.83008 1157.8359
C 582.68783 1164.96 582.39024 1172.39 581.61133 1179.7422
C 581.51153 1189.2677 579.76913 1198.6217 578.92383 1208.0859
C 578.22042 1217.0325 577.08569 1225.9616 576.11133 1234.8672
C 575.95304 1241.4627 573.7554 1247.9167 574.54883 1254.5234
C 573.9087 1256.6732 574.61703 1260.7457 576.11133 1256.8984
C 575.5025 1253.2379 575.91202 1249.5748 577.39258 1246.1484
C 578.22877 1243.2306 580.12065 1241.069 582.14258 1238.9609
C 583.88787 1236.8301 584.50263 1234.2961 585.11133 1231.6797
C 587.26218 1230.1692 589.57883 1233.0137 591.39258 1234.1484
C 593.71318 1236.8797 595.63364 1239.9687 598.79883 1241.8359
C 601.93644 1243.066 597.84022 1245.3996 600.51758 1246.1797
C 603.4854 1246.8553 603.54551 1250.8753 601.01758 1252.1172
C 598.67654 1252.5658 596.35534 1253.8844 593.89258 1253.3672
C 591.84393 1254.4238 590.04933 1253.2453 588.01758 1252.8047
C 587.606 1250.5608 584.66196 1250.3817 583.14258 1251.9609
C 580.92017 1255.6394 581.17084 1260.2975 579.48633 1264.2109
C 578.46518 1267.4873 574.49029 1269.7897 574.92383 1273.3984
C 578.08677 1279.5971 575.70879 1286.5809 575.08008 1293.0859
C 575.27122 1297.8749 573.27821 1302.341 572.79883 1307.0234
C 572.17192 1311.9277 571.85532 1316.8321 571.61133 1321.7734
C 569.40965 1331.9276 567.79314 1342.2449 566.29883 1352.5547
C 564.42804 1360.2639 563.19835 1368.147 561.73633 1375.9609
C 561.62017 1376.7709 561.54127 1377.5935 561.44336 1378.4082
L 576.56445 1376.6504
L 585.50586 1378.2539
L 583.67188 1360.832
L 594.2168 1341.3457
L 604.99219 1323.9219
L 606.13867 1309.25
L 606.13867 1303.5195
L 613.70312 1288.8477
L 618.06055 1292.0566
L 639.60938 1289.9941
L 648.32031 1293.8906
L 658.63672 1300.5391
L 660.01172 1304.207
L 656.80273 1309.709
L 663.45117 1310.8555
L 669.41211 1318.4199
L 673.08008 1322.3184
L 679.04102 1323.0059
L 699.67383 1281.0527
L 706.32031 1280.1348
L 711.36523 1277.6133
L 714.11523 1273.2578
L 712.51172 1248.957
L 711.13477 1243.6855
L 711.59375 1233.8262
L 715.26172 1228.5547
L 719.16016 1233.8262
L 723.74414 1231.3047
L 732.91406 1226.0332
z

M 644.46094 1150.5527
C 643.92106 1150.6147 643.38565 1151.3434 643.77539 1152.9473
C 643.64011 1153.3299 644.56228 1153.5338 644.60938 1153.1738
C 645.85519 1151.4946 645.15507 1150.4728 644.46094 1150.5527
z


############################################################
# 2. DIOCÈSE DE AGEN
############################################################

M 875.04102 1269.0371
L 860.12695 1265.0645
L 854.45312 1268.1445
L 850.23828 1268.793
L 836.78516 1267.6582
L 826.73438 1266.5234
L 814.25195 1269.1172
L 806.30859 1269.9277
L 788.63867 1266.5234
L 784.42383 1263.6055
L 780.85742 1264.416
L 780.20898 1252.0957
L 778.10156 1247.5566
L 770.16016 1241.7227
L 767.72852 1231.9961
L 762.62109 1228.4297
L 756.54297 1232.8066
L 746.89844 1231.5352
L 745.52344 1235.6602
L 751.02539 1245.2891
L 755.15234 1251.709
L 755.15234 1262.2539
L 762.0293 1273.7168
L 761.11133 1280.8242
L 756.98633 1285.8672
L 753.08789 1288.3887
L 752.05664 1291.2539
L 758.16406 1297
L 759.46094 1300.4043
L 762.70312 1301.7012
L 767.08008 1310.6172
L 768.70117 1308.9961
L 772.42969 1310.9414
L 775.66992 1323.7461
L 779.07422 1324.8809
L 779.56055 1335.7422
L 786.36914 1337.6875
L 803.55273 1343.0371
L 809.22656 1343.6855
L 816.35938 1354.3848
L 820.41211 1352.2773
L 824.62695 1351.9531
L 833.38086 1356.9785
L 845.53711 1360.0586
L 841.97266 1350.9805
L 843.42969 1347.5762
L 846.99609 1347.7383
L 850.40039 1347.5762
L 850.23828 1343.5234
L 848.7793 1338.3359
L 850.07617 1334.7695
L 856.07422 1331.5273
L 863.04492 1328.2852
L 867.09766 1328.6094
L 867.25977 1335.418
L 871.47461 1339.7949
L 874.06836 1338.498
L 875.52734 1334.9316
L 872.93359 1331.6895
L 874.39258 1330.2305
L 874.7168 1326.502
L 873.25781 1323.4219
L 878.12109 1319.8555
L 879.25586 1313.6973
L 878.93164 1310.4551
L 875.68945 1310.9414
L 870.01562 1311.5898
L 870.17773 1299.4316
L 866.93555 1289.8672
L 862.07227 1280.7891
L 868.55664 1278.0332
L 875.04102 1269.0371
z


############################################################
# 3. DIOCÈSE DE ANGOULÊME
############################################################

M 809.71289 1018.0176
L 796.74414 1016.0723
L 791.71875 1017.3691
L 787.3418 1014.9375
L 786.36914 1011.5332
L 781.66797 1010.0742
L 777.93945 1008.7773
L 773.40234 1009.75
L 771.45703 1014.6133
L 771.29492 1020.9355
L 761.08203 1020.9355
L 757.0293 1021.9082
L 755.89453 1025.4746
L 730.28125 1025.6074
L 731.0918 1035.6875
L 729.79492 1043.6309
L 726.22852 1048.8164
L 724.60742 1062.4336
L 726.55273 1070.2148
L 723.31055 1079.293
L 720.87891 1089.8301
L 722.66211 1097.6113
L 726.55273 1101.1777
L 729.14648 1103.7715
L 729.63281 1108.959
L 730.11914 1115.1172
L 734.33398 1117.873
L 740.98047 1120.6289
L 744.54688 1123.5469
L 743.57422 1127.2754
L 742.27734 1133.5977
L 745.84375 1136.8398
L 746.97852 1143.9727
L 757.83984 1119.6562
L 767.4043 1119.0078
L 766.26953 1111.877
L 774.53711 1106.3652
L 778.10156 1100.3672
L 784.42383 1098.9082
L 790.74609 1104.0957
L 796.25781 1101.3398
L 800.14844 1097.2871
L 802.25586 1086.4258
L 804.20117 1080.5898
L 808.90234 1076.5371
L 811.33398 1073.1328
L 810.68555 1069.7285
L 807.11914 1071.0254
L 806.63281 1065.0273
L 807.60547 1058.7051
L 811.33398 1053.6797
L 811.17188 1046.2227
L 805.49805 1032.2832
L 804.52539 1025.6367
L 809.71289 1018.0176
z


############################################################
# 4. DIOCÈSE DE CONDOM
############################################################

M 845.53711 1360.0586
L 833.38086 1356.9785
L 824.62695 1351.9531
L 820.41211 1352.2773
L 816.35938 1354.3848
L 809.22656 1343.6855
L 803.55273 1343.0371
L 786.36914 1337.6875
L 779.56055 1335.7422
L 779.07422 1324.8809
L 775.66992 1323.7461
L 772.42969 1310.9414
L 768.70117 1308.9961
L 767.08008 1310.6172
L 762.70312 1301.7012
L 759.46094 1300.4043
L 758.16406 1297
L 752.05664 1291.2539
L 751.02539 1294.1191
L 753.54688 1303.9785
L 753.77539 1309.709
L 751.71289 1312.6895
L 751.94141 1315.2109
L 746.89844 1317.9609
L 745.98242 1320.2539
L 747.12695 1325.5273
L 746.89844 1328.2773
L 743.23047 1329.4238
L 739.10352 1328.0488
L 731.30859 1330.5703
L 728.09961 1334.9258
L 726.95312 1340.6582
L 721.22266 1343.1797
L 718.4707 1343.1797
L 716.4082 1348.6816
L 719.84766 1355.5586
L 740.25 1355.5586
L 749.19141 1351.8906
L 751.25391 1356.7051
L 754.23438 1379.6309
L 757.21484 1391.3223
L 770.74023 1390.8633
L 777.61719 1397.7402
L 785.18359 1397.5117
L 790.68555 1392.6973
L 792.97852 1386.9668
L 799.39648 1388.8008
L 801.00195 1387.1953
L 802.60742 1381.2344
L 798.9375 1374.8164
L 800.08398 1371.377
L 804.89844 1370.002
L 808.33789 1373.6699
L 813.83984 1371.6074
L 815.67383 1373.4414
L 819.80078 1377.5664
L 828.2832 1374.1289
L 836.99414 1376.6504
L 845.01758 1371.8359
L 851.66602 1374.3574
L 853.95898 1374.3574
L 855.10547 1366.5625
L 856.39844 1358.2754
L 850.5625 1359.7344
L 845.53711 1360.0586
z


############################################################
# 5. DIOCÈSE DE LUÇON
############################################################

M 586.69336 947.00977
L 586.19336 932.82031
L 588.02734 922.96289
L 599.26172 923.88086
L 606.13867 909.66602
L 621.26953 894.99414
L 638.92188 883.99023
L 643.27734 868.17188
L 636.40039 862.21094
L 633.87891 848.91602
L 631.58594 843.64258
L 626.77148 845.93555
L 609.57812 846.39258
L 602.69922 840.89062
L 590.0918 835.16016
L 580.82031 818.79102
L 576.28125 814.73828
L 570.77148 813.92773
L 566.88086 814.25195
L 564.61133 811.00977
L 561.69336 811.33398
L 559.91016 815.54883
L 559.91016 819.27734
L 560.55859 829.32812
L 557.80273 834.67773
L 551.64258 837.75781
L 547.75195 834.35352
L 549.04883 830.13867
L 544.99609 825.27539
L 545.1582 819.92578
L 546.13086 816.52148
L 544.18555 815.22461
L 544.50977 810.19922
L 539.32227 811.82031
L 534.62109 819.27734
L 531.86523 824.62695
L 532.51367 829.81445
L 530.89258 832.57031
L 527.65039 833.38086
L 526.0293 837.10938
L 520.19336 841.81055
L 513.54688 841.32422
L 509.16992 835.16406
L 505.60352 837.43359
L 504.14648 836.62305
L 502.6875 832.73242
L 496.36523 834.67773
L 493.77148 832.4082
L 489.88086 830.30078
L 489.39453 823.33008
L 483.39648 829.16602
L 476.48828 828.88672
C 476.39328 830.66212 476.04739 832.38958 474.03125 832.90625
C 471.59648 833.13886 469.35585 834.27207 468.75 836.78125
C 467.07779 838.25099 469.42814 840.9958 466.21875 840.9375
C 462.78937 842.02137 464.82125 846.30442 464.21875 848.90625
C 463.13761 855.06798 468.48051 859.42339 473.09375 862.3125
C 478.04101 865.09017 482.78172 869.09108 484.53125 874.6875
C 484.57655 877.13328 486.42434 878.80398 488.90625 878.59375
C 493.60089 879.74989 492.44259 885.90315 496.125 888.25
C 499.12318 888.95046 499.02163 892.10339 500.09375 894.34375
C 500.83679 896.50507 500.86122 898.93002 503.875 898.3125
C 501.56741 900.38591 504.13076 903.08753 503.75 905.59375
C 504.10993 909.32704 505.12458 913.01163 505.9375 916.6875
C 506.83818 919.80676 510.05032 915.8682 508 914.46875
C 506.47009 912.83158 508.64095 908.34037 509.3125 912.09375
C 509.85325 913.92681 510.10689 916.22488 511.96875 917.25
C 515.92128 918.75876 518.59 922.22861 522.34375 924.03125
C 524.17186 925.52107 526.25998 925.44674 527.53125 923.78125
C 529.9866 924.82051 528.87838 927.26271 527.59375 928.65625
C 528.9195 930.85987 531.87028 929.17936 533.90625 929.4375
C 537.68183 930.09352 542.52128 928.58023 545.4375 931.71875
C 549.07357 934.18545 548.94172 938.77699 549.875 942.59375
C 549.63752 945.48106 553.45663 945.70887 555.09375 944.40625
C 556.32092 942.21497 558.7049 945.43599 560.4375 943.25
C 563.64167 941.73811 565.21545 945.83708 567.34375 947.40625
C 568.68902 950.13041 571.31317 948.94835 569.6875 946.21875
C 572.13548 948.34632 574.00546 951.41809 576.28125 953.8125
C 577.0321 954.99729 579.6965 957.98523 580.4375 956.125
C 579.24105 953.90376 579.99842 951.15148 581.3125 949.15625
C 583.08547 948.34944 584.77114 947.67205 586.59375 946.96875
C 586.62511 946.98707 586.66187 946.99179 586.69336 947.00977
z

m 435.92969,872.125
c -0.77999,-0.0417 -1.53578,0.17168 -2.19922,0.78125 -2.91567,0.939 -0.83678,4.00319 0.44531,5.47656 1.1875,1.59551 1.96537,-0.48164 3.26758,0.26953 2.18999,-0.87991 3.46625,1.87869 5.62109,0.63086 1.61649,0.0137 5.45558,1.50822 2.99414,-1.43554 -2.2306,-0.56761 -3.01195,-3.10746 -5.38476,-3.27735 -1.19883,-1.03104 -3.02816,-2.35347 -4.74414,-2.44531
z

m 449.91992,817.86523
c -1.95955,0.85423 -4.61238,0.51553 -6.05273,0.69727 2.47579,2.62375 2.92834,6.27833 3.53906,9.66016 0.36966,3.04994 3.54112,1.69512 5.55859,1.88476 5.07951,0.14816 6.07376,6.041 8.02149,9.61328 0.43006,0.0258 0.36447,0.52974 0.59375,0.75 2.36106,1.60523 2.20312,-3.16227 2.26562,-4.64453 0.3786,-3.83634 -3.67516,-4.86689 -5.64453,-7.38281 -2.70754,-0.27163 -2.95696,-2.7397 -1.78515,-4.70117 1.23149,-3.89611 -3.4601,-5.65406 -6.4961,-5.87696
z



############################################################
# 6. DIOCÈSE DE PÉRIGUEUX
############################################################

M 790.74609 1104.0957
L 784.42383 1098.9082
L 778.10156 1100.3672
L 774.53711 1106.3652
L 766.26953 1111.877
L 767.4043 1119.0078
L 757.83984 1119.6562
L 746.97852 1143.9727
L 740.81836 1152.7266
L 741.95312 1159.6973
L 739.03516 1164.3984
L 737.57617 1170.5586
L 734.00977 1174.7734
L 735.46875 1180.6094
L 739.52148 1178.8262
L 742.43945 1184.498
L 745.51953 1191.3066
L 745.0332 1197.4668
L 746.33008 1203.627
L 741.14258 1204.1133
L 738.22461 1212.0566
L 740.00781 1215.9473
L 732.91406 1226.0332
L 741.16797 1231.7637
L 746.89844 1231.5352
L 756.54297 1232.8066
L 762.62109 1228.4297
L 768.70117 1224.0527
L 775.66992 1225.6738
L 785.23438 1230.5371
L 787.99023 1227.7812
L 792.20508 1229.8887
L 796.58203 1227.457
L 802.9043 1229.7266
L 810.84766 1226.6465
L 822.0332 1230.5371
L 829.65234 1230.8613
L 835.97461 1223.7285
L 842.62109 1227.1328
L 847.80664 1218.8652
L 852.3457 1216.5957
L 858.50586 1216.9199
L 867.58398 1206.3828
L 874.55469 1195.3594
L 876.98633 1194.873
L 882.98438 1185.3086
L 889.95508 1179.3105
L 899.51953 1175.0977
L 897.41211 1171.0449
L 901.62695 1167.6406
L 901.14062 1163.4258
L 894.65625 1163.2637
L 895.30469 1157.5898
L 900.97852 1156.6172
L 900.6543 1148.5117
L 897.08789 1148.6738
L 896.92578 1140.7305
L 901.46484 1135.8672
L 903.08594 1130.6797
L 898.87109 1127.4375
L 896.11523 1128.5723
L 895.79102 1123.2227
L 900.33008 1122.25
L 901.46484 1120.6289
L 900.49219 1117.3867
L 895.95312 1116.5762
L 895.14258 1113.6582
L 894.49414 1111.877
L 890.76562 1113.1719
L 886.55078 1108.1484
L 883.30859 1110.2559
L 881.6875 1107.5
L 884.60547 1101.8262
L 884.11914 1099.2324
L 879.58008 1098.2598
L 876.98633 1099.7188
L 873.0957 1097.2871
L 873.25781 1093.5586
L 871.63672 1091.6133
L 866.93555 1092.0996
L 864.50391 1086.9121
L 861.42383 1084.6426
L 858.50586 1085.9395
L 854.61523 1084.3184
L 849.91406 1087.0742
L 846.50977 1085.1289
L 841.81055 1092.748
L 833.38086 1097.2871
L 824.30273 1105.0684
L 818.79102 1107.8242
L 811.49609 1107.6621
L 804.84961 1106.5273
L 800.95898 1108.6348
L 795.28516 1108.4727
L 790.74609 1104.0957
z


############################################################
# 7. DIOCÈSE DE POITIERS
############################################################

M 678.24609 788.63867
L 675.60156 801.23047
L 673.99609 810.17188
L 674.91406 816.58984
L 689.35742 831.7207
L 695.08789 837.45312
L 702.88281 842.49609
L 708.61328 845.93555
L 712.28125 850.06055
L 720.99414 853.5
L 722.13867 860.60742
L 720.30469 865.87891
L 709.75977 866.10938
L 702.65234 861.29492
L 698.52734 863.12891
L 696.92188 870.00586
L 692.33789 873.67383
L 686.14648 872.52734
L 682.70898 868.17188
L 676.74805 867.48438
L 668.72461 866.33789
L 664.13867 869.08984
L 660.92969 872.29883
L 660.4707 878.94727
L 660.24219 882.61523
L 669.87109 884.21875
L 674.45508 887.19922
L 677.89453 886.9707
L 682.9375 891.09766
L 684.3125 895.22461
L 682.70898 899.34961
L 676.51953 900.95508
L 675.60156 904.16406
L 679.72852 907.83203
L 679.95703 911.73047
L 674.45508 915.39844
L 673.30859 919.06641
L 674.45508 928.69336
L 672.39258 941.30273
L 669.87109 946.3457
L 678.4082 955.60742
L 678.57031 962.0918
L 678.57031 971.65625
L 672.73438 976.35742
L 671.4375 980.4082
L 673.05859 985.43359
L 676.13867 988.67578
L 679.38086 990.29688
L 679.54297 994.51172
L 680.0293 1000.834
L 682.78516 1005.5352
L 687.81055 1008.291
L 691.86328 1009.9121
L 699.48242 1009.2637
L 703.53516 1009.9121
L 713.58398 1015.9102
L 719.25781 1022.3945
L 724.76953 1025.6367
L 730.28125 1025.6074
L 755.89453 1025.4746
L 757.0293 1021.9082
L 761.08203 1020.9355
L 771.29492 1020.9355
L 771.45703 1014.6133
L 773.40234 1009.75
L 777.93945 1008.7773
L 781.66797 1010.0742
L 786.36914 1011.5332
L 787.3418 1014.9375
L 791.71875 1017.3691
L 796.74414 1016.0723
L 809.71289 1018.0176
L 812.46875 1019.9629
L 817.16992 1016.5586
L 819.92578 1011.6953
L 820.41211 1002.9414
L 821.06055 995.48438
L 824.78906 989.32422
L 833.05664 983.97461
L 841.48633 981.70508
L 845.53711 984.46094
L 849.91406 984.46094
L 850.07617 981.86719
L 850.07617 977.97656
L 853.80469 977.49023
L 859.47852 976.68164
L 862.39648 972.95312
L 862.55859 969.38672
L 859.47852 966.79297
L 855.10156 965.17188
L 852.50781 961.44336
L 853.48047 957.22852
L 861.09961 956.25586
L 863.20703 948.96094
L 866.44922 943.77344
L 867.25977 937.9375
L 872.60938 934.5332
L 874.06836 929.99414
L 878.93164 924.64453
L 885.41602 924.48242
L 885.57812 914.59375
L 882.33594 909.57031
L 875.52734 906.16602
L 863.04492 906.00391
L 858.34375 904.05859
L 857.20898 893.19727
L 853.64258 888.33398
L 855.42578 880.55273
L 854.93945 875.68945
L 850.5625 871.79883
L 840.35156 866.77344
L 835.16406 856.72266
L 829.65234 853.48047
L 823.81641 844.88867
L 821.87109 834.83984
L 818.79102 827.70703
L 812.14453 825.92383
L 806.4707 829.00391
L 804.20117 832.4082
L 804.84961 839.37891
L 799.82422 840.35156
L 797.06836 841.48633
L 790.25977 827.86914
L 781.83008 815.0625
L 772.5918 811.82031
L 764.32422 810.19922
L 760.5957 810.19922
L 757.19141 807.28125
L 752.97656 806.30859
L 746.49219 805.01172
L 743.08789 803.55273
L 743.25 796.0957
L 739.19727 790.25977
L 730.28125 789.125
L 722.66211 787.50391
L 719.0957 789.93555
L 719.25781 793.82617
L 716.33984 796.41992
L 708.7207 795.28516
L 701.10352 792.5293
L 694.78125 787.99023
L 688.45898 788.31445
L 678.24609 788.63867
z


############################################################
# 8. DIOCÈSE DE LA_ROCHELLE
############################################################

M 664.14258 785.88281
L 658.79297 791.39453
L 653.92969 793.33984
L 651.33594 793.17773
L 650.52539 788.47656
L 645.5 790.58398
L 639.50391 791.88086
L 635.61328 794.3125
L 632.20898 794.3125
L 628.80469 791.55664
L 623.61719 793.17773
L 616.48438 793.82617
L 614.21484 795.44727
L 610.97266 800.95898
L 604.97461 801.93164
L 595.24805 801.44531
L 588.76367 801.93164
L 587.4668 804.52539
L 587.62891 808.90234
L 580.82031 818.79102
L 590.0918 835.16016
L 602.69922 840.89062
L 609.57812 846.39258
L 626.77148 845.93555
L 631.58594 843.64258
L 633.87891 848.91602
L 636.40039 862.21094
L 643.27734 868.17188
L 638.92188 883.99023
L 621.26953 894.99414
L 606.13867 909.66602
L 599.26172 923.88086
L 588.02734 922.96289
L 586.19336 932.82031
L 586.69336 947.00977
C 588.61898 948.10908 590.78057 948.58199 593.09375 948.84375
C 593.71481 951.49498 593.6752 954.63149 595 957.125
C 595.0625 959.66331 592.8144 960.41107 590.8125 960.90625
C 589.66756 962.70442 587.87686 963.42884 586.375 964.84375
C 584.30762 965.32083 581.59279 967.85117 584.03125 969.65625
C 583.56782 972.23011 580.40695 973.83748 581 976.8125
C 581.98155 980.5081 586.01991 977.55283 588.40625 978.4375
C 588.33905 980.35815 589.07111 982.13677 591.46875 982.9375
C 594.61506 984.31654 589.60272 985.95892 591.59375 987.1875
C 593.93317 987.37204 595.24008 989.1256 595.46875 991.375
C 596.79878 993.32231 598.3125 997.5 598.3125 997.5
L 600.46875 1003.3438
L 596.53125 1006.125
L 594.25 1007.25
L 597.46875 1011.5938
L 597.89453 1014.0176
L 598.76367 1014.0469
L 600.16992 1013.1582
L 600.1875 1013.2129
L 598.78125 1014.1016
L 597.91211 1014.0723
L 596.51758 1016.6172
L 598.80078 1022.3242
L 608.20117 1022.457
L 615.30859 1018.7891
L 620.35156 1009.1621
L 630.43945 1000.6797
L 638.46289 993.80078
L 641.44336 996.09375
L 649.92578 996.78125
L 657.7207 989.44531
L 660.4707 982.10938
L 651.30078 974.31445
L 640.98438 962.62305
L 636.85742 950.47266
L 637.31641 947.72266
L 643.50586 950.47266
L 648.55078 951.16016
L 655.88672 944.51172
L 660.92969 946.3457
L 669.87109 946.3457
L 672.39258 941.30273
L 674.45508 928.69336
L 673.30859 919.06641
L 674.45508 915.39844
L 679.95703 911.73047
L 679.72852 907.83203
L 675.60156 904.16406
L 676.51953 900.95508
L 682.70898 899.34961
L 684.3125 895.22461
L 682.9375 891.09766
L 677.89453 886.9707
L 674.45508 887.19922
L 669.87109 884.21875
L 660.24219 882.61523
L 660.4707 878.94727
L 660.92969 872.29883
L 664.13867 869.08984
L 668.72461 866.33789
L 676.74805 867.48438
L 682.70898 868.17188
L 686.14648 872.52734
L 692.33789 873.67383
L 696.92188 870.00586
L 698.52734 863.12891
L 702.65234 861.29492
L 709.75977 866.10938
L 720.30469 865.87891
L 722.13867 860.60742
L 720.99414 853.5
L 712.28125 850.06055
L 708.61328 845.93555
L 702.88281 842.49609
L 695.08789 837.45312
L 689.35742 831.7207
L 674.91406 816.58984
L 673.99609 810.17188
L 675.60156 801.23047
L 678.24609 788.63867
L 670.46484 786.36914
L 664.14258 785.88281
z

m 546.17969,959.63281
c -0.27442,-0.005 -0.57471,0.043 -0.90039,0.15821 -2.30482,-0.12313 -3.60538,2.49989 -5.96875,1.15625 -3.21891,-0.12873 -0.77144,2.83367 0.25,3.99804 -0.10603,3.04847 3.61844,4.83532 6.26367,4.88672 2.46457,-1.03613 4.97136,-0.0447 7.55078,-0.32226 1.9821,0.97455 3.97665,2.28175 5.75586,3.70507 3.55483,1.51369 6.78491,3.83643 10.54492,4.88672 1.73617,0.107 3.79156,0.52827 5.42188,-0.21484 1.46954,-2.76432 -3.11499,-3.31425 -3.49024,-5.85156 -0.77897,-3.4029 -5.17614,-0.8848 -6.68359,-3.54493 -3.35173,-2.12098 -7.97432,0.72994 -11.12695,-2.05859 0.58747,-1.40818 3.31122,-3.38862 -0.45899,-2.18359 -3.03537,-1.57543 -1.70611,3.38795 -4.80469,2.42968 -1.83269,-0.44925 -5.04888,-0.98566 -5.37109,-3.44921 1.0576,-1.50037 3.6502,0.55111 4.99609,0.73828 0.60521,-1.57945 -0.0576,-4.29653 -1.97851,-4.33399
z


############################################################
# 9. DIOCÈSE DE SAINTES
############################################################

M 669.87109 946.3457
L 660.92969 946.3457
L 655.88672 944.51172
L 648.55078 951.16016
L 643.50586 950.47266
L 637.31641 947.72266
L 636.85742 950.47266
L 640.98438 962.62305
L 651.30078 974.31445
L 660.4707 982.10938
L 657.7207 989.44531
L 649.92578 996.78125
L 641.44336 996.09375
L 638.46289 993.80078
L 630.43945 1000.6797
L 620.35156 1009.1621
L 615.30859 1018.7891
L 608.20117 1022.457
L 598.80078 1022.3242
L 598.83008 1022.3984
L 594.39258 1025.4609
L 592.08008 1029.0547
L 588.86133 1031.8047
C 588.86133 1031.8047 589.37541 1039.8909 592.33008 1042.7109
C 593.77801 1046.7165 597.11997 1049.7706 600.54883 1052.1797
C 603.69402 1054.3014 606.60121 1056.6229 609.45508 1058.9609
C 606.20812 1056.9651 602.0447 1056.4328 599.20508 1053.6484
C 595.49647 1051.8078 592.40378 1048.8291 591.11133 1044.8047
C 590.72656 1041.9369 587.98355 1043.1271 586.33008 1044.0547
C 584.08059 1043.5105 581.54483 1043.4129 579.39258 1044.2734
C 576.40608 1048.3953 579.01431 1053.994 577.14258 1058.5547
C 576.23284 1060.0712 576.94968 1063.2947 579.17383 1061.9297
C 580.42153 1059.4279 584.82276 1060.3048 585.54883 1062.7422
C 588.43702 1068.397 596.44853 1067.4113 599.83008 1072.6484
C 601.36888 1075.011 603.8958 1076.0857 606.45508 1076.8984
C 609.54738 1078.2586 609.27915 1081.8255 610.20508 1084.4922
C 612.35549 1085.275 613.44874 1087.9423 615.92383 1087.6797
C 618.6869 1086.6889 619.27642 1089.4677 620.42383 1090.8672
C 624.79516 1091.8074 626.62064 1095.9942 629.64258 1098.7109
C 634.4838 1102.0281 636.68745 1107.6671 639.42383 1112.6172
C 640.66259 1117.3509 642.25973 1121.9901 643.61133 1126.6484
C 644.62426 1130.6073 645.3172 1134.6054 645.85352 1138.6289
L 659.2793 1141.0547
L 663.00781 1136.8398
L 666.73633 1136.6777
L 668.35742 1143.1621
L 671.92383 1144.459
L 679.21875 1144.6211
L 683.10938 1148.1875
L 689.43164 1173.3145
L 691.70117 1169.5859
L 697.375 1175.0977
L 701.10352 1174.2871
L 703.21094 1176.0703
L 706.93945 1180.2852
L 715.20508 1182.877
L 717.63672 1182.0664
L 720.23047 1177.5293
L 726.22852 1177.5293
L 728.33594 1182.0664
L 731.41602 1182.3906
L 735.46875 1180.6094
L 734.00977 1174.7734
L 737.57617 1170.5586
L 739.03516 1164.3984
L 741.95312 1159.6973
L 740.81836 1152.7266
L 746.97852 1143.9727
L 745.84375 1136.8398
L 742.27734 1133.5977
L 743.57422 1127.2754
L 744.54688 1123.5469
L 740.98047 1120.6289
L 734.33398 1117.873
L 730.11914 1115.1172
L 729.63281 1108.959
L 729.14648 1103.7715
L 726.55273 1101.1777
L 722.66211 1097.6113
L 720.87891 1089.8301
L 723.31055 1079.293
L 726.55273 1070.2148
L 724.60742 1062.4336
L 726.22852 1048.8164
L 729.79492 1043.6309
L 731.0918 1035.6875
L 730.28125 1025.6074
L 724.76953 1025.6367
L 719.25781 1022.3945
L 713.58398 1015.9102
L 703.53516 1009.9121
L 699.48242 1009.2637
L 691.86328 1009.9121
L 687.81055 1008.291
L 682.78516 1005.5352
L 680.0293 1000.834
L 679.54297 994.51172
L 679.38086 990.29688
L 676.13867 988.67578
L 673.05859 985.43359
L 671.4375 980.4082
L 672.73438 976.35742
L 678.57031 971.65625
L 678.57031 962.0918
L 678.4082 955.60742
L 669.87109 946.3457
z

m 556.75391,997.54102
c -0.63424,2.65978 1.8386,4.57078 3.0625,6.64648 2.03069,2.282 0.54378,5.1409 0.0937,7.5313 -0.39322,2.6408 1.43295,4.5197 3.67578,5.4218 1.40964,2.6438 4.43964,3.3583 6.23828,5.5313 2.3518,0.8109 2.72193,3.2634 3.97266,5.1015 3.57898,2.8863 4.44341,7.7159 4.86523,12.0821
l 0.18555,0.2148 0.0156,0.2969
c 0.69402,3.5382 2.50865,0.3995 3.58594,-0.834 2.74639,-2.1951 1.92104,-6.5152 2.52539,-9.666 1.75389,-2.189 1.06837,-5.3326 -1.26172,-6.7656 -1.26804,-1.8082 -4.42803,-2.1728 -4.78906,-4.3789 2.36705,-1.968 -1.48083,-3.4081 -0.81836,-5.502 1.7237,-1.7874 0.0977,-3.5507 -1.30078,-4.7539 -0.58982,-3.0784 -2.68398,-1.3349 -4.5293,-1.0449 -2.99105,-1.9507 -5.48812,-4.8462 -8.72656,-6.6055 -0.98856,-2.56557 -4.31288,-3.20528 -6.79492,-3.27538
z

m 32.88867,3.71488
c -1.08908,0.071 -2.27365,0.9926 -2.25391,2.2988
l 0.0371,0.2695 0.0332,0.1953
c 0.022,2.8386 2.02281,-1.6121 3.93946,-1.1621 -0.12013,-1.1962 -0.9088,-1.6566 -1.75586,-1.6015
z

M 2000,1065.2773
c -0.7933,0.034 -1.5558,0.1992 -2.3203,0.4082
z


############################################################
# 10. DIOCÈSE DE SARIAT
############################################################

M 899.51953 1175.0977
L 889.95508 1179.3105
L 882.98438 1185.3086
L 876.98633 1194.873
L 874.55469 1195.3594
L 867.58398 1206.3828
L 858.50586 1216.9199
L 852.3457 1216.5957
L 847.80664 1218.8652
L 842.62109 1227.1328
L 835.97461 1223.7285
L 829.65234 1230.8613
L 822.0332 1230.5371
L 810.84766 1226.6465
L 802.9043 1229.7266
L 796.58203 1227.457
L 792.20508 1229.8887
L 787.99023 1227.7812
L 785.23438 1230.5371
L 775.66992 1225.6738
L 768.70117 1224.0527
L 762.62109 1228.4297
L 767.72852 1231.9961
L 770.16016 1241.7227
L 778.10156 1247.5566
L 780.20898 1252.0957
L 780.85742 1264.416
L 784.42383 1263.6055
L 788.63867 1266.5234
L 806.30859 1269.9277
L 814.25195 1269.1172
L 826.73438 1266.5234
L 836.78516 1267.6582
L 850.23828 1268.793
L 854.45312 1268.1445
L 860.12695 1265.0645
L 875.04102 1269.0371
L 881.52539 1260.0391
L 885.74023 1258.9043
L 890.76562 1255.0137
L 895.30469 1252.9062
L 897.41211 1238.8047
L 900.97852 1234.5898
L 905.19336 1234.752
L 908.11133 1232.9688
L 904.38281 1220.6484
L 901.95117 1212.2188
L 904.70703 1207.5176
L 898.06055 1205.4102
L 896.60156 1202.4922
L 903.08594 1201.0332
L 904.2207 1198.6016
L 902.59961 1194.5488
L 903.89648 1193.252
L 908.92188 1195.1973
L 914.91797 1195.3594
L 920.91602 1193.7383
L 919.13281 1189.1992
L 913.7832 1182.877
L 914.43164 1178.9863
L 912.48633 1173.9629
L 906.00391 1173.3145
L 899.51953 1175.0977
z

