M 732.91406 1226.0332
L 740.00781 1215.9473
L 738.22461 1212.0566
L 741.14258 1204.1133
L 746.33008 1203.627
L 745.0332 1197.4668
L 745.51953 1191.3066
L 742.43945 1184.498
L 739.52148 1178.8262
L 735.46875 1180.6094
L 731.41602 1182.3906
L 728.33594 1182.0664
L 726.22852 1177.5293
L 720.23047 1177.5293
L 717.63672 1182.0664
L 715.20508 1182.877
L 706.93945 1180.2852
L 703.21094 1176.0703
L 701.10352 1174.2871
L 697.375 1175.0977
L 691.70117 1169.5859
L 689.43164 1173.3145
L 683.10938 1148.1875
L 679.21875 1144.6211
L 671.92383 1144.459
L 668.35742 1143.1621
L 666.73633 1136.6777
L 663.00781 1136.8398
L 659.2793 1141.0547
L 645.85352 1138.6289
C 646.2906 1141.908 646.63656 1145.2016 646.86133 1148.5234
C 647.81721 1153.9443 648.5072 1159.378 648.83008 1164.8672
C 650.33536 1169.8563 651.45361 1175.5048 655.64258 1178.9922
C 659.26319 1183.4804 666.53401 1181.4601 669.95508 1186.0234
C 670.49853 1187.1107 672.2969 1190.2539 671.36133 1190.3359
C 668.42063 1186.7015 663.71669 1184.9417 659.11133 1185.6484
C 660.38562 1187.1767 662.24415 1188.1126 663.58008 1189.5547
C 667.69932 1192.42 664.68435 1197.5963 665.26758 1201.5547
C 665.34038 1204.3328 666.83045 1207.6291 665.61133 1210.0859
C 664.46275 1208.3447 664.03967 1206.1397 663.64258 1204.1172
C 662.35344 1199.5884 665.32722 1194.3536 661.86133 1190.4922
C 656.9858 1186.9016 651.6502 1183.2784 648.79883 1177.7422
C 646.35842 1174.4863 644.77119 1170.7642 643.73633 1166.8047
C 643.41517 1163.1681 642.11698 1159.6888 642.01758 1156.0547
C 641.25293 1152.7494 641.79124 1149.4288 641.29883 1146.0859
C 639.70798 1142.2775 638.63678 1138.2475 637.83008 1134.2109
C 635.42384 1129.6036 633.79435 1124.2277 629.70508 1120.7734
C 627.57908 1118.1509 623.80512 1117.0279 622.48633 1113.7422
C 619.71708 1110.8852 618.12426 1106.6141 614.11133 1105.3047
C 610.52781 1105.1139 607.69773 1102.8597 605.64258 1100.1484
C 604.4821 1098.1936 602.51536 1097.0911 600.95508 1095.5547
C 597.51206 1092.8919 602.7765 1088.5333 600.11133 1085.4922
C 596.79697 1085.1472 595.46382 1088.8312 594.26758 1091.2422
C 593.19305 1094.922 589.44703 1097.4888 589.61133 1101.5234
C 590.39709 1105.5067 588.33132 1109.3113 588.67383 1113.3672
C 587.68988 1119.2628 588.88778 1125.1851 588.42383 1131.0859
C 587.3097 1140.031 587.05967 1149.0682 584.83008 1157.8359
C 582.68783 1164.96 582.39024 1172.39 581.61133 1179.7422
C 581.51153 1189.2677 579.76913 1198.6217 578.92383 1208.0859
C 578.22042 1217.0325 577.08569 1225.9616 576.11133 1234.8672
C 575.95304 1241.4627 573.7554 1247.9167 574.54883 1254.5234
C 573.9087 1256.6732 574.61703 1260.7457 576.11133 1256.8984
C 575.5025 1253.2379 575.91202 1249.5748 577.39258 1246.1484
C 578.22877 1243.2306 580.12065 1241.069 582.14258 1238.9609
C 583.88787 1236.8301 584.50263 1234.2961 585.11133 1231.6797
C 587.26218 1230.1692 589.57883 1233.0137 591.39258 1234.1484
C 593.71318 1236.8797 595.63364 1239.9687 598.79883 1241.8359
C 601.93644 1243.066 597.84022 1245.3996 600.51758 1246.1797
C 603.4854 1246.8553 603.54551 1250.8753 601.01758 1252.1172
C 598.67654 1252.5658 596.35534 1253.8844 593.89258 1253.3672
C 591.84393 1254.4238 590.04933 1253.2453 588.01758 1252.8047
C 587.606 1250.5608 584.66196 1250.3817 583.14258 1251.9609
C 580.92017 1255.6394 581.17084 1260.2975 579.48633 1264.2109
C 578.46518 1267.4873 574.49029 1269.7897 574.92383 1273.3984
C 578.08677 1279.5971 575.70879 1286.5809 575.08008 1293.0859
C 575.27122 1297.8749 573.27821 1302.341 572.79883 1307.0234
C 572.17192 1311.9277 571.85532 1316.8321 571.61133 1321.7734
C 569.40965 1331.9276 567.79314 1342.2449 566.29883 1352.5547
C 564.42804 1360.2639 563.19835 1368.147 561.73633 1375.9609
C 561.62017 1376.7709 561.54127 1377.5935 561.44336 1378.4082
L 576.56445 1376.6504
L 585.50586 1378.2539
L 583.67188 1360.832
L 594.2168 1341.3457
L 604.99219 1323.9219
L 606.13867 1309.25
L 606.13867 1303.5195
L 613.70312 1288.8477
L 618.06055 1292.0566
L 639.60938 1289.9941
L 648.32031 1293.8906
L 658.63672 1300.5391
L 660.01172 1304.207
L 656.80273 1309.709
L 663.45117 1310.8555
L 669.41211 1318.4199
L 673.08008 1322.3184
L 679.04102 1323.0059
L 699.67383 1281.0527
L 706.32031 1280.1348
L 711.36523 1277.6133
L 714.11523 1273.2578
L 712.51172 1248.957
L 711.13477 1243.6855
L 711.59375 1233.8262
L 715.26172 1228.5547
L 719.16016 1233.8262
L 723.74414 1231.3047
L 732.91406 1226.0332
z

M 644.46094 1150.5527
C 643.92106 1150.6147 643.38565 1151.3434 643.77539 1152.9473
C 643.64011 1153.3299 644.56228 1153.5338 644.60938 1153.1738
C 645.85519 1151.4946 645.15507 1150.4728 644.46094 1150.5527
z