M 586.69336 947.00977
L 586.19336 932.82031
L 588.02734 922.96289
L 599.26172 923.88086
L 606.13867 909.66602
L 621.26953 894.99414
L 638.92188 883.99023
L 643.27734 868.17188
L 636.40039 862.21094
L 633.87891 848.91602
L 631.58594 843.64258
L 626.77148 845.93555
L 609.57812 846.39258
L 602.69922 840.89062
L 590.0918 835.16016
L 580.82031 818.79102
L 576.28125 814.73828
L 570.77148 813.92773
L 566.88086 814.25195
L 564.61133 811.00977
L 561.69336 811.33398
L 559.91016 815.54883
L 559.91016 819.27734
L 560.55859 829.32812
L 557.80273 834.67773
L 551.64258 837.75781
L 547.75195 834.35352
L 549.04883 830.13867
L 544.99609 825.27539
L 545.1582 819.92578
L 546.13086 816.52148
L 544.18555 815.22461
L 544.50977 810.19922
L 539.32227 811.82031
L 534.62109 819.27734
L 531.86523 824.62695
L 532.51367 829.81445
L 530.89258 832.57031
L 527.65039 833.38086
L 526.0293 837.10938
L 520.19336 841.81055
L 513.54688 841.32422
L 509.16992 835.16406
L 505.60352 837.43359
L 504.14648 836.62305
L 502.6875 832.73242
L 496.36523 834.67773
L 493.77148 832.4082
L 489.88086 830.30078
L 489.39453 823.33008
L 483.39648 829.16602
L 476.48828 828.88672
C 476.39328 830.66212 476.04739 832.38958 474.03125 832.90625
C 471.59648 833.13886 469.35585 834.27207 468.75 836.78125
C 467.07779 838.25099 469.42814 840.9958 466.21875 840.9375
C 462.78937 842.02137 464.82125 846.30442 464.21875 848.90625
C 463.13761 855.06798 468.48051 859.42339 473.09375 862.3125
C 478.04101 865.09017 482.78172 869.09108 484.53125 874.6875
C 484.57655 877.13328 486.42434 878.80398 488.90625 878.59375
C 493.60089 879.74989 492.44259 885.90315 496.125 888.25
C 499.12318 888.95046 499.02163 892.10339 500.09375 894.34375
C 500.83679 896.50507 500.86122 898.93002 503.875 898.3125
C 501.56741 900.38591 504.13076 903.08753 503.75 905.59375
C 504.10993 909.32704 505.12458 913.01163 505.9375 916.6875
C 506.83818 919.80676 510.05032 915.8682 508 914.46875
C 506.47009 912.83158 508.64095 908.34037 509.3125 912.09375
C 509.85325 913.92681 510.10689 916.22488 511.96875 917.25
C 515.92128 918.75876 518.59 922.22861 522.34375 924.03125
C 524.17186 925.52107 526.25998 925.44674 527.53125 923.78125
C 529.9866 924.82051 528.87838 927.26271 527.59375 928.65625
C 528.9195 930.85987 531.87028 929.17936 533.90625 929.4375
C 537.68183 930.09352 542.52128 928.58023 545.4375 931.71875
C 549.07357 934.18545 548.94172 938.77699 549.875 942.59375
C 549.63752 945.48106 553.45663 945.70887 555.09375 944.40625
C 556.32092 942.21497 558.7049 945.43599 560.4375 943.25
C 563.64167 941.73811 565.21545 945.83708 567.34375 947.40625
C 568.68902 950.13041 571.31317 948.94835 569.6875 946.21875
C 572.13548 948.34632 574.00546 951.41809 576.28125 953.8125
C 577.0321 954.99729 579.6965 957.98523 580.4375 956.125
C 579.24105 953.90376 579.99842 951.15148 581.3125 949.15625
C 583.08547 948.34944 584.77114 947.67205 586.59375 946.96875
C 586.62511 946.98707 586.66187 946.99179 586.69336 947.00977
z

m 435.92969,872.125
c -0.77999,-0.0417 -1.53578,0.17168 -2.19922,0.78125 -2.91567,0.939 -0.83678,4.00319 0.44531,5.47656 1.1875,1.59551 1.96537,-0.48164 3.26758,0.26953 2.18999,-0.87991 3.46625,1.87869 5.62109,0.63086 1.61649,0.0137 5.45558,1.50822 2.99414,-1.43554 -2.2306,-0.56761 -3.01195,-3.10746 -5.38476,-3.27735 -1.19883,-1.03104 -3.02816,-2.35347 -4.74414,-2.44531
z

m 449.91992,817.86523
c -1.95955,0.85423 -4.61238,0.51553 -6.05273,0.69727 2.47579,2.62375 2.92834,6.27833 3.53906,9.66016 0.36966,3.04994 3.54112,1.69512 5.55859,1.88476 5.07951,0.14816 6.07376,6.041 8.02149,9.61328 0.43006,0.0258 0.36447,0.52974 0.59375,0.75 2.36106,1.60523 2.20312,-3.16227 2.26562,-4.64453 0.3786,-3.83634 -3.67516,-4.86689 -5.64453,-7.38281 -2.70754,-0.27163 -2.95696,-2.7397 -1.78515,-4.70117 1.23149,-3.89611 -3.4601,-5.65406 -6.4961,-5.87696
z

