M 664.14258 785.88281
L 658.79297 791.39453
L 653.92969 793.33984
L 651.33594 793.17773
L 650.52539 788.47656
L 645.5 790.58398
L 639.50391 791.88086
L 635.61328 794.3125
L 632.20898 794.3125
L 628.80469 791.55664
L 623.61719 793.17773
L 616.48438 793.82617
L 614.21484 795.44727
L 610.97266 800.95898
L 604.97461 801.93164
L 595.24805 801.44531
L 588.76367 801.93164
L 587.4668 804.52539
L 587.62891 808.90234
L 580.82031 818.79102
L 590.0918 835.16016
L 602.69922 840.89062
L 609.57812 846.39258
L 626.77148 845.93555
L 631.58594 843.64258
L 633.87891 848.91602
L 636.40039 862.21094
L 643.27734 868.17188
L 638.92188 883.99023
L 621.26953 894.99414
L 606.13867 909.66602
L 599.26172 923.88086
L 588.02734 922.96289
L 586.19336 932.82031
L 586.69336 947.00977
C 588.61898 948.10908 590.78057 948.58199 593.09375 948.84375
C 593.71481 951.49498 593.6752 954.63149 595 957.125
C 595.0625 959.66331 592.8144 960.41107 590.8125 960.90625
C 589.66756 962.70442 587.87686 963.42884 586.375 964.84375
C 584.30762 965.32083 581.59279 967.85117 584.03125 969.65625
C 583.56782 972.23011 580.40695 973.83748 581 976.8125
C 581.98155 980.5081 586.01991 977.55283 588.40625 978.4375
C 588.33905 980.35815 589.07111 982.13677 591.46875 982.9375
C 594.61506 984.31654 589.60272 985.95892 591.59375 987.1875
C 593.93317 987.37204 595.24008 989.1256 595.46875 991.375
C 596.79878 993.32231 598.3125 997.5 598.3125 997.5
L 600.46875 1003.3438
L 596.53125 1006.125
L 594.25 1007.25
L 597.46875 1011.5938
L 597.89453 1014.0176
L 598.76367 1014.0469
L 600.16992 1013.1582
L 600.1875 1013.2129
L 598.78125 1014.1016
L 597.91211 1014.0723
L 596.51758 1016.6172
L 598.80078 1022.3242
L 608.20117 1022.457
L 615.30859 1018.7891
L 620.35156 1009.1621
L 630.43945 1000.6797
L 638.46289 993.80078
L 641.44336 996.09375
L 649.92578 996.78125
L 657.7207 989.44531
L 660.4707 982.10938
L 651.30078 974.31445
L 640.98438 962.62305
L 636.85742 950.47266
L 637.31641 947.72266
L 643.50586 950.47266
L 648.55078 951.16016
L 655.88672 944.51172
L 660.92969 946.3457
L 669.87109 946.3457
L 672.39258 941.30273
L 674.45508 928.69336
L 673.30859 919.06641
L 674.45508 915.39844
L 679.95703 911.73047
L 679.72852 907.83203
L 675.60156 904.16406
L 676.51953 900.95508
L 682.70898 899.34961
L 684.3125 895.22461
L 682.9375 891.09766
L 677.89453 886.9707
L 674.45508 887.19922
L 669.87109 884.21875
L 660.24219 882.61523
L 660.4707 878.94727
L 660.92969 872.29883
L 664.13867 869.08984
L 668.72461 866.33789
L 676.74805 867.48438
L 682.70898 868.17188
L 686.14648 872.52734
L 692.33789 873.67383
L 696.92188 870.00586
L 698.52734 863.12891
L 702.65234 861.29492
L 709.75977 866.10938
L 720.30469 865.87891
L 722.13867 860.60742
L 720.99414 853.5
L 712.28125 850.06055
L 708.61328 845.93555
L 702.88281 842.49609
L 695.08789 837.45312
L 689.35742 831.7207
L 674.91406 816.58984
L 673.99609 810.17188
L 675.60156 801.23047
L 678.24609 788.63867
L 670.46484 786.36914
L 664.14258 785.88281
z

m 546.17969,959.63281
c -0.27442,-0.005 -0.57471,0.043 -0.90039,0.15821 -2.30482,-0.12313 -3.60538,2.49989 -5.96875,1.15625 -3.21891,-0.12873 -0.77144,2.83367 0.25,3.99804 -0.10603,3.04847 3.61844,4.83532 6.26367,4.88672 2.46457,-1.03613 4.97136,-0.0447 7.55078,-0.32226 1.9821,0.97455 3.97665,2.28175 5.75586,3.70507 3.55483,1.51369 6.78491,3.83643 10.54492,4.88672 1.73617,0.107 3.79156,0.52827 5.42188,-0.21484 1.46954,-2.76432 -3.11499,-3.31425 -3.49024,-5.85156 -0.77897,-3.4029 -5.17614,-0.8848 -6.68359,-3.54493 -3.35173,-2.12098 -7.97432,0.72994 -11.12695,-2.05859 0.58747,-1.40818 3.31122,-3.38862 -0.45899,-2.18359 -3.03537,-1.57543 -1.70611,3.38795 -4.80469,2.42968 -1.83269,-0.44925 -5.04888,-0.98566 -5.37109,-3.44921 1.0576,-1.50037 3.6502,0.55111 4.99609,0.73828 0.60521,-1.57945 -0.0576,-4.29653 -1.97851,-4.33399
z