M 669.87109 946.3457
L 660.92969 946.3457
L 655.88672 944.51172
L 648.55078 951.16016
L 643.50586 950.47266
L 637.31641 947.72266
L 636.85742 950.47266
L 640.98438 962.62305
L 651.30078 974.31445
L 660.4707 982.10938
L 657.7207 989.44531
L 649.92578 996.78125
L 641.44336 996.09375
L 638.46289 993.80078
L 630.43945 1000.6797
L 620.35156 1009.1621
L 615.30859 1018.7891
L 608.20117 1022.457
L 598.80078 1022.3242
L 598.83008 1022.3984
L 594.39258 1025.4609
L 592.08008 1029.0547
L 588.86133 1031.8047
C 588.86133 1031.8047 589.37541 1039.8909 592.33008 1042.7109
C 593.77801 1046.7165 597.11997 1049.7706 600.54883 1052.1797
C 603.69402 1054.3014 606.60121 1056.6229 609.45508 1058.9609
C 606.20812 1056.9651 602.0447 1056.4328 599.20508 1053.6484
C 595.49647 1051.8078 592.40378 1048.8291 591.11133 1044.8047
C 590.72656 1041.9369 587.98355 1043.1271 586.33008 1044.0547
C 584.08059 1043.5105 581.54483 1043.4129 579.39258 1044.2734
C 576.40608 1048.3953 579.01431 1053.994 577.14258 1058.5547
C 576.23284 1060.0712 576.94968 1063.2947 579.17383 1061.9297
C 580.42153 1059.4279 584.82276 1060.3048 585.54883 1062.7422
C 588.43702 1068.397 596.44853 1067.4113 599.83008 1072.6484
C 601.36888 1075.011 603.8958 1076.0857 606.45508 1076.8984
C 609.54738 1078.2586 609.27915 1081.8255 610.20508 1084.4922
C 612.35549 1085.275 613.44874 1087.9423 615.92383 1087.6797
C 618.6869 1086.6889 619.27642 1089.4677 620.42383 1090.8672
C 624.79516 1091.8074 626.62064 1095.9942 629.64258 1098.7109
C 634.4838 1102.0281 636.68745 1107.6671 639.42383 1112.6172
C 640.66259 1117.3509 642.25973 1121.9901 643.61133 1126.6484
C 644.62426 1130.6073 645.3172 1134.6054 645.85352 1138.6289
L 659.2793 1141.0547
L 663.00781 1136.8398
L 666.73633 1136.6777
L 668.35742 1143.1621
L 671.92383 1144.459
L 679.21875 1144.6211
L 683.10938 1148.1875
L 689.43164 1173.3145
L 691.70117 1169.5859
L 697.375 1175.0977
L 701.10352 1174.2871
L 703.21094 1176.0703
L 706.93945 1180.2852
L 715.20508 1182.877
L 717.63672 1182.0664
L 720.23047 1177.5293
L 726.22852 1177.5293
L 728.33594 1182.0664
L 731.41602 1182.3906
L 735.46875 1180.6094
L 734.00977 1174.7734
L 737.57617 1170.5586
L 739.03516 1164.3984
L 741.95312 1159.6973
L 740.81836 1152.7266
L 746.97852 1143.9727
L 745.84375 1136.8398
L 742.27734 1133.5977
L 743.57422 1127.2754
L 744.54688 1123.5469
L 740.98047 1120.6289
L 734.33398 1117.873
L 730.11914 1115.1172
L 729.63281 1108.959
L 729.14648 1103.7715
L 726.55273 1101.1777
L 722.66211 1097.6113
L 720.87891 1089.8301
L 723.31055 1079.293
L 726.55273 1070.2148
L 724.60742 1062.4336
L 726.22852 1048.8164
L 729.79492 1043.6309
L 731.0918 1035.6875
L 730.28125 1025.6074
L 724.76953 1025.6367
L 719.25781 1022.3945
L 713.58398 1015.9102
L 703.53516 1009.9121
L 699.48242 1009.2637
L 691.86328 1009.9121
L 687.81055 1008.291
L 682.78516 1005.5352
L 680.0293 1000.834
L 679.54297 994.51172
L 679.38086 990.29688
L 676.13867 988.67578
L 673.05859 985.43359
L 671.4375 980.4082
L 672.73438 976.35742
L 678.57031 971.65625
L 678.57031 962.0918
L 678.4082 955.60742
L 669.87109 946.3457
z

m 556.75391,997.54102
c -0.63424,2.65978 1.8386,4.57078 3.0625,6.64648 2.03069,2.282 0.54378,5.1409 0.0937,7.5313 -0.39322,2.6408 1.43295,4.5197 3.67578,5.4218 1.40964,2.6438 4.43964,3.3583 6.23828,5.5313 2.3518,0.8109 2.72193,3.2634 3.97266,5.1015 3.57898,2.8863 4.44341,7.7159 4.86523,12.0821
l 0.18555,0.2148 0.0156,0.2969
c 0.69402,3.5382 2.50865,0.3995 3.58594,-0.834 2.74639,-2.1951 1.92104,-6.5152 2.52539,-9.666 1.75389,-2.189 1.06837,-5.3326 -1.26172,-6.7656 -1.26804,-1.8082 -4.42803,-2.1728 -4.78906,-4.3789 2.36705,-1.968 -1.48083,-3.4081 -0.81836,-5.502 1.7237,-1.7874 0.0977,-3.5507 -1.30078,-4.7539 -0.58982,-3.0784 -2.68398,-1.3349 -4.5293,-1.0449 -2.99105,-1.9507 -5.48812,-4.8462 -8.72656,-6.6055 -0.98856,-2.56557 -4.31288,-3.20528 -6.79492,-3.27538
z

m 32.88867,3.71488
c -1.08908,0.071 -2.27365,0.9926 -2.25391,2.2988
l 0.0371,0.2695 0.0332,0.1953
c 0.022,2.8386 2.02281,-1.6121 3.93946,-1.1621 -0.12013,-1.1962 -0.9088,-1.6566 -1.75586,-1.6015
z

M 2000,1065.2773
c -0.7933,0.034 -1.5558,0.1992 -2.3203,0.4082
z