M 1566.8438 1165.9688
L 1566.4688 1166.4375
L 1565.2188 1167.6562
L 1564.9062 1168.8438
L 1562.2188 1170.2812
L 1560.9688 1170.375
L 1558.4688 1168.5625
L 1558.125 1169.0938
L 1555.0312 1171.3125
L 1555.7188 1175.6562
L 1555.5 1178.1562
L 1554.875 1178.1875
L 1551.2188 1178.9062
L 1549.8711 1177.7773
L 1548.9102 1184.498
L 1539.6699 1181.9043
L 1539.0215 1188.7129
L 1542.9121 1194.7109
L 1542.2637 1197.9531
L 1537.0762 1200.709
L 1532.0508 1208.9766
L 1535.8652 1211.4746
L 1534.4883 1219.041
L 1530.9355 1220.7598
L 1530.5918 1223.5098
L 1535.1777 1226.2617
L 1534.375 1231.9922
L 1535.6348 1237.6094
L 1539.1895 1237.9531
L 1542.1699 1244.7168
L 1546.5254 1247.8105
L 1545.2637 1251.5938
L 1543.4297 1255.7207
L 1537.125 1255.4902
L 1535.1777 1250.791
L 1533.1133 1256.293
L 1525.5488 1259.6172
L 1525.3184 1268.7871
L 1522.9121 1275.7793
L 1518.2129 1276.2383
L 1508.2402 1287.9297
L 1510.6465 1293.3184
L 1509.6152 1295.8398
L 1503.7695 1296.0684
L 1502.3945 1297.3301
L 1506.6348 1305.123
L 1513.9707 1320.2539
L 1515.0605 1321.0566
L 1518.4336 1315.3184
L 1527.1875 1313.373
L 1543.7227 1320.0176
L 1549.2344 1316.6133
L 1556.3828 1321.1719
L 1567.2715 1321.2852
L 1572.4297 1320.7129
L 1577.0156 1323.2344
L 1579.1934 1327.7051
L 1581.4863 1328.7363
L 1585.0723 1330.4766
L 1585.375 1330.125
L 1585.5312 1325.4688
L 1586.0312 1325.1875
L 1587.1875 1325.0312
L 1587.9375 1324.0625
L 1589.6562 1323.4062
L 1590.4375 1320.4375
L 1593.3125 1321.3438
L 1593.875 1321.5625
L 1593.375 1318.5625
L 1594.5938 1316.4688
L 1594.4688 1314
L 1594.6875 1313.4375
L 1595.6875 1312.6875
L 1596.375 1310.9688
L 1598.0625 1310.3125
L 1600.2812 1308.1562
L 1602.625 1308.4062
L 1603.0625 1307.9688
L 1603.8438 1307.25
L 1604.1562 1306.8438
L 1605.6562 1305.7188
L 1606.125 1305.3438
C 1604.8407 1304.4602 1604.4984 1303.1936 1605.4375 1301.4375
C 1607.094 1299.2949 1605.5145 1297.1082 1605.9375 1294.9062
C 1607.2337 1292.6615 1610.7792 1293.4816 1612.0312 1291.7812
C 1610.5788 1289.8466 1607.7547 1288.9429 1607.5625 1286.3438
C 1603.8963 1284.7087 1601.9823 1280.5079 1601.6562 1276.7188
C 1601.3055 1274.4271 1601.9097 1272.3755 1604.0312 1271.2188
C 1604.5305 1267.9623 1609.0854 1269.512 1609.4062 1266.2812
C 1611.5449 1265.1633 1612.27 1263.4879 1612.2812 1260.9062
C 1613.0261 1258.3734 1614.7615 1257.9342 1615.2812 1256.5938
C 1614.1216 1255.1539 1613.7965 1253.4618 1614.0898 1251.8496
C 1614.3088 1250.6463 1614.836 1249.4817 1615.8125 1248.5312
C 1617.774 1244.5982 1622.5372 1244.0999 1626.0938 1246.0938
C 1629.0195 1247.7171 1629.9073 1245.8548 1628.4688 1243.3438
C 1629.2749 1238.9035 1622.6812 1238.5675 1623.3438 1234.0625
C 1624.0024 1231.0993 1623.9624 1227.4767 1621.375 1225.4688
C 1621.8486 1223.7048 1626.2413 1221.281 1623.0312 1220.0625
C 1621.4018 1218.8816 1621.419 1215.982 1618.5938 1216
C 1615.983 1214.4517 1612.2667 1211.8737 1609.8438 1215.0938
C 1606.8074 1216.1924 1603.3073 1214.6012 1600.625 1213.2188
C 1598.1993 1210.7939 1595.7189 1208.3644 1592.3125 1207.4688
C 1591.1379 1205.2776 1587.9691 1205.5455 1587.7188 1202.9375
C 1589.4643 1200.6453 1586.416 1199.0471 1588.1562 1197.375
C 1590.1807 1194.8228 1588.0572 1191.4915 1587.2812 1189.0312
C 1588.6409 1187.081 1588.219 1184.832 1585.7812 1184.1562
C 1583.0076 1182.6853 1578.1672 1185.5351 1576.9688 1181.375
C 1576.166 1178.7394 1578.4281 1174.7017 1574.7188 1173.6562
C 1574.5547 1171.62 1571.4852 1170.1572 1572.6875 1168.4688
C 1572.7902 1168.2485 1572.8996 1168.0511 1573.0312 1167.875
L 1571.5 1166.375
L 1568.5312 1166.6875
L 1566.8438 1165.9688
z