M 1638.3789 1437.4277
L 1619.2637 1423.6035
L 1616.6699 1412.418
L 1610.9961 1412.2559
L 1603.8633 1414.8496
L 1589.9219 1415.1738
L 1590.5703 1420.0371
L 1588.5918 1423.7617
L 1594.7812 1441.2988
L 1598.3359 1445.7695
L 1608.6523 1447.7188
L 1613.3516 1451.959
L 1616.377 1456.4961
C 1617.014 1456.104 1617.6097 1455.5997 1618.2812 1455.4375
C 1619.9471 1454.1409 1621.8579 1453.0185 1623.8438 1454.3438
C 1627.1365 1454.0349 1629.0039 1450.3599 1632.5312 1450.6875
C 1635.5126 1449.0711 1634.3735 1454.8548 1636.9062 1452.8438
C 1638.3061 1447.8356 1635.4992 1442.1659 1638.375 1437.4375
C 1638.3759 1437.4339 1638.378 1437.4313 1638.3789 1437.4277
z