M 1606.1613 1305.3037
L 1605.6554 1305.6885
L 1604.1515 1306.8115
L 1603.8273 1307.2295
L 1603.0636 1307.9522
L 1602.6046 1308.3701
L 1600.2746 1308.1182
L 1598.0636 1310.2881
L 1596.3566 1310.9307
L 1595.673 1312.6592
L 1594.6964 1313.415
L 1594.4699 1313.9834
L 1594.5988 1316.4365
L 1593.382 1318.5244
L 1593.8761 1321.5264
L 1593.3078 1321.2979
L 1591.8683 1320.8565
L 1593.3429 1330.2979
L 1599.1789 1339.8623
L 1605.339 1342.294
L 1613.9308 1347.9678
L 1616.8488 1353.3174
L 1615.714 1367.583
L 1618.4699 1371.7979
L 1620.2531 1382.1709
L 1636.9504 1386.71
L 1645.7043 1400.0029
L 1643.8507 1405.7061
L 1644.3703 1406.8272
L 1644.0089 1408.8701
L 1642.3273 1414.1553
L 1641.7257 1417.3994
L 1642.3273 1423.8857
L 1643.048 1429.7725
L 1643.6554 1433.5615
L 1644.8117 1433.6865
L 1647.7336 1432.5342
L 1649.4152 1429.1709
L 1651.2492 1427.5615
C 1653.3007 1427.3828 1654.8832 1428.025 1657.4367 1426.9678
L 1661.3195 1426.3213
L 1661.4757 1426.8428
L 1660.9543 1429.4443
L 1661.7355 1429.7041
L 1663.9738 1428.8193
L 1663.8429 1427.1865
L 1662.9328 1426.0088
L 1663.2961 1424.3955
L 1665.4679 1423.4678
L 1667.2511 1424.1357
L 1670.9796 1422.0303
L 1667.7882 1399.9775
L 1662.7433 1388.5166
L 1668.4757 1374.9893
L 1667.5578 1368.3408
L 1669.8507 1362.3818
L 1670.0343 1348.8467
C 1667.8604 1347.0156 1663.7054 1350.8132 1663.1086 1346.7119
C 1662.4947 1341.9523 1657.0426 1345.109 1654.1418 1343.7725
C 1651.9165 1342.1705 1650.6328 1337.5635 1647.3546 1339.1943
C 1644.141 1338.354 1643.8405 1333.8371 1640.466 1333.1943
C 1639.0217 1329.9313 1635.9966 1335.9385 1634.9484 1331.9795
C 1633.3671 1329.9375 1630.334 1329.8099 1628.5754 1327.7979
C 1626.026 1325.4512 1623.1295 1329.8561 1620.88 1327.542
C 1617.1522 1326.6688 1618.5093 1321.6854 1616.4777 1319.2061
C 1615.1519 1317.1004 1610.8955 1317.023 1612.1242 1313.6611
C 1612.1052 1310.4093 1607.4362 1309.5142 1607.6222 1306.1416
L 1606.1613 1305.3037
z