M 1644.25 1406.6621
L 1632.2324 1403.8262
L 1610.6719 1405.123
L 1588.3633 1409.8906
L 1585.1543 1414.5918
L 1582.4023 1416.5391
L 1584.8105 1418.832
L 1588.5918 1423.7617
L 1590.5703 1420.0371
L 1589.9219 1415.1738
L 1603.8633 1414.8496
L 1610.9961 1412.2559
L 1616.6699 1412.418
L 1619.2637 1423.6035
L 1638.3789 1437.4277
C 1639.0017 1434.8752 1641.3143 1433.864 1643.6562 1433.5625
C 1643.6562 1433.5625 1642.25 1422.7822 1641.75 1419.5312
C 1641.25 1416.2828 1642.25 1413.6562 1642.875 1412.2812
C 1643.4989 1410.9102 1644.619 1407.4205 1644.25 1406.6621
z