M 598.32812 1540.3184
L 591.0332 1531.4023
L 593.62695 1515.3555
L 593.95117 1509.8438
L 590.06055 1506.4395
L 595.24805 1498.0098
L 593.30273 1489.9043
L 586.49414 1481.3125
L 581.63086 1476.7734
L 583.41406 1461.8594
L 581.14453 1460.2383
L 571.25781 1466.0742
L 552.93945 1465.2637
L 541.55859 1461.4473
C 539.9923 1463.7167 537.5081 1464.988 535.83008 1467.0234
C 534.7739 1474.4432 527.92664 1479.3656 521.04883 1480.8984
C 517.81352 1482.6607 513.4379 1481.4237 510.04883 1483.5234
C 508.93784 1490.1341 512.79742 1490.0432 514.39258 1490.3047
C 517.07668 1492.4888 514.38248 1496.6219 517.61133 1498.1797
C 519.69262 1495.4994 522.26196 1496.9467 525.11133 1495.6797
C 527.2906 1496.1304 532.16709 1497.5302 529.23633 1500.5859
C 530.77512 1502.8661 529.62314 1506.9402 533.98633 1506.4609
C 537.98906 1507.2754 538.40502 1502.358 538.61133 1500.1172
C 540.95982 1499.1104 543.97397 1499.7215 546.33008 1500.5234
C 548.57207 1502.1906 551.4852 1504.1442 554.36133 1503.7734
C 555.49065 1502.9811 556.65699 1502.8701 557.70703 1503.1934
L 557.72656 1503.1562
C 559.3532 1503.6754 560.69071 1505.2504 561.125 1507.0938
C 560.94865 1510.4686 561.02117 1514.2195 560.90625 1517.3125
C 558.29316 1519.1628 559.89859 1522.9217 557.46875 1525.0625
C 558.39425 1527.9993 555.58825 1530.5038 553.9375 1532.375
C 552.00206 1534.0083 547.87614 1535.5856 550.8125 1538.6875
C 552.68105 1540.581 552.40807 1545.3079 556.1875 1544.6562
C 558.7817 1545.9535 562.01131 1546.5315 564.71875 1546.8125
C 567.94114 1545.3188 564.97508 1541.1819 566.65625 1538.7812
C 565.5012 1535.8839 567.37888 1532.2713 570.34375 1532.1562
C 572.9248 1530.2643 577.71888 1530.8931 573.125 1533.4688
C 571.30594 1535.8172 569.93042 1539.8878 573.71875 1540.9062
C 575.9179 1543.9635 578.16257 1544.5618 581 1542.4375
C 584.22458 1543.5479 585.03408 1545.6277 587.8125 1546.8125
C 591.71935 1544.8659 591.87288 1551.3234 593.71875 1550.4375
C 593.72478 1550.4311 593.73031 1550.4301 593.73633 1550.4238
L 598.32812 1540.3184
z