M 789.31055 1535.9785
L 780.59766 1543.7734
L 779.91016 1557.9863
L 777.16016 1559.3633
L 773.49219 1567.8457
L 767.30273 1571.2832
L 767.99023 1577.2441
L 762.7168 1582.0586
L 758.13281 1582.0586
L 751.02539 1581.3711
L 746.89844 1588.0195
L 748.50391 1591
L 751.49414 1606.4141
C 751.56994 1606.4353 751.64217 1606.4455 751.71875 1606.4688
C 754.28037 1605.165 757.4901 1604.3158 759.125 1602.2812
C 762.22704 1602.1493 764.41259 1604.9558 767.125 1605.625
C 771.88888 1604.2406 770.18001 1609.0987 772.0625 1611.2812
C 773.72835 1614.8722 777.72308 1612.7064 778.40625 1609.7188
C 776.90102 1607.12 782.40758 1605.8305 784.6875 1605.2188
C 786.26984 1607.1379 787.43696 1608.1255 788.28125 1610.2812
C 790.43758 1610.1275 793.74442 1611.6472 796.375 1610.125
C 798.09023 1606.8958 801.44099 1612.8748 803.4375 1609.0625
C 805.74186 1608.257 808.80111 1610.0484 811.53125 1610.0312
C 813.53262 1606.9264 814.67952 1609.8068 817.96875 1610.4062
C 820.54679 1608.8418 823.62265 1612.8039 823.4375 1607.875
C 823.88879 1604.5374 822.78773 1600.9758 820.09375 1598.9688
C 817.69954 1598.5067 823.6745 1595.5703 819.71875 1593.75
C 821.86027 1592.1412 822.39595 1589.7156 822.0625 1586.4375
C 820.34914 1583.1715 824.48885 1581.3524 826.6875 1580.4062
C 830.26112 1577.8621 831.31509 1584.299 834.84375 1583.3438
C 836.17502 1583.8379 837.83279 1583.2571 839.2832 1583.1738
L 841.16211 1572.5781
L 842.62109 1568.2012
L 845.53711 1566.7422
L 853.48047 1568.6875
L 860.28906 1560.2578
L 860.61328 1555.7188
L 855.75 1555.3945
L 854.29102 1552.4766
L 855.91211 1548.0996
L 861.26172 1550.3691
L 864.17969 1550.0449
L 864.99023 1544.209
L 869.69141 1542.1016
L 867.9082 1531.8887
L 858.66797 1533.1855
L 856.23633 1531.5645
L 854.77734 1526.2148
L 859.1543 1518.2715
L 854.61523 1511.7891
L 849.42773 1511.4648
L 844.40234 1503.8457
L 842.29688 1502.7109
L 843.91602 1493.4707
L 842.29688 1483.0957
L 834.47266 1491.5039
L 825.76172 1491.9629
L 821.4043 1501.1328
L 817.2793 1505.0312
L 803.06445 1517.6387
L 794.58203 1534.1445
L 789.31055 1535.9785
z