M 867.9082 1531.8887
L 869.69141 1542.1016
L 864.99023 1544.209
L 864.17969 1550.0449
L 861.26172 1550.3691
L 855.91211 1548.0996
L 854.29102 1552.4766
L 855.75 1555.3945
L 860.61328 1555.7188
L 860.28906 1560.2578
L 853.48047 1568.6875
L 845.53711 1566.7422
L 842.62109 1568.2012
L 841.16211 1572.5781
L 839.2832 1583.1738
C 840.45441 1583.1065 841.49327 1583.3568 842.09375 1584.8125
C 845.18168 1585.2049 847.0889 1586.4899 849.90625 1588.1875
C 852.82623 1588.0718 854.41374 1594.103 857.09375 1591.75
C 859.3219 1587.9419 861.79566 1592.6963 863.875 1593.1875
C 866.98275 1592.0754 868.93622 1593.9967 871.90625 1594.5312
C 875.2667 1592.1457 877.07175 1595.5665 879.65625 1597.0938
C 883.0055 1598.8645 880.23062 1602.7177 883.0625 1604.8438
C 885.19072 1608.0013 887.53529 1607.0559 890.0625 1605.6562
C 892.88004 1604.8755 894.51569 1604.5804 897.59375 1606.1875
C 900.05572 1605.6118 903.70151 1607.0272 905.65625 1605.5938
C 907.31594 1605.4004 908.02148 1605.7466 908.46289 1606.2539
L 912 1601.1074
L 914.26953 1593.9746
L 911.51367 1588.3008
L 913.7832 1586.0312
L 917.1875 1584.0859
L 917.51172 1579.873
L 919.78125 1574.1992
L 918.16016 1572.9023
L 912.32422 1574.1992
L 914.26953 1569.3359
L 917.99805 1562.041
L 925.29297 1560.582
L 926.91406 1559.7715
L 925.29297 1554.584
L 906.32812 1548.4238
L 898.22266 1551.9902
L 867.9082 1531.8887
z