M 697.90625 1581.9688
L 695.77539 1570.3672
L 697.83984 1567.8457
L 696.69336 1563.7188
L 699.67383 1557.5293
L 702.88281 1551.5684
L 692.56641 1550.4219
L 688.21094 1537.8125
L 683.39648 1534.1445
L 675.37305 1522.6836
L 662.53516 1514.8887
L 657.7207 1505.2598
L 650.38477 1499.0703
L 645.79883 1490.1289
L 635.71289 1481.418
L 629.12891 1474.9902
L 615.83594 1480.1777
L 609.83789 1476.125
L 607.73047 1480.9883
L 608.37891 1487.1484
L 611.94531 1491.2012
L 611.62109 1504.0078
L 606.91992 1512.9238
L 608.54102 1532.0508
L 598.32812 1540.3184
L 593.73633 1550.4238
C 596.38075 1547.6511 597.74722 1550.8974 600.4375 1551.8438
C 602.25184 1555.3235 606.79975 1552.1309 609.375 1554.9375
C 609.86398 1558.0294 613.5639 1559.3429 615.96875 1560.8125
C 618.35372 1563.3103 621.15179 1559.317 623.40625 1561.3125
C 626.28082 1563.085 629.64508 1561.6608 632.71875 1563
C 636.22919 1562.5994 638.11562 1558.8307 641.875 1559.5
C 642.95827 1562.7369 646.23982 1565.638 644.34375 1569.3125
C 642.20082 1571.2547 645.79709 1575.471 648.46875 1575.125
C 652.26649 1573.0626 652.25138 1578.1048 654.84375 1579.125
C 658.02915 1579.8101 658.83534 1583.4554 660.8125 1585.4062
C 660.43635 1589.5232 663.05398 1588.9015 665.65625 1590.4688
C 663.20794 1594.4667 668.26055 1594.0513 669.375 1591.6562
C 671.14553 1592.39 670.02852 1587.9576 672.625 1586.75
C 674.70941 1584.2015 676.81189 1589.8768 679.65625 1589.625
C 681.37515 1591.3486 684.98519 1588.2588 687.40625 1590.4062
C 690.36673 1588.5813 691.3419 1585.0064 694.125 1583.4688
C 695.32606 1588.1506 696.62682 1581.9441 697.47266 1581.4961
C 697.54636 1581.4571 697.60319 1581.6568 697.66992 1581.7109
C 697.74992 1581.7759 697.83825 1581.7209 697.90625 1581.9688
z