M 729.01758 1442.6738
L 728.78711 1446.1133
L 725.80664 1450.2402
L 728.55859 1453.6777
L 723.90234 1458.6816
L 734.28906 1473.623
L 731.53906 1474.3105
L 730.62109 1480.7305
L 724.79297 1487.4707
L 721.5625 1488.6621
L 721.58203 1497.0098
L 716.98438 1503.9609
L 717.55469 1516.4922
L 723.74414 1518.0977
L 722.59766 1524.9746
L 719.16016 1526.5801
L 720.53516 1536.668
L 714.3457 1537.125
L 707.23828 1542.627
L 710.21875 1549.5059
L 702.88281 1551.5684
L 699.67383 1557.5293
L 696.69336 1563.7188
L 697.83984 1567.8457
L 695.77539 1570.3672
L 697.90625 1581.9688
C 700.34612 1583.4186 702.35952 1586.4813 704.84375 1586.875
C 708.1943 1585.9238 708.00514 1590.9519 711.4375 1591.4375
C 714.27432 1595.604 716.16576 1589.0522 718.5 1590.3438
C 716.91463 1593.2639 717.41395 1596.1523 720.65625 1597.7188
C 722.51797 1599.677 722.41368 1603.4608 724.5 1604.7812
C 728.23364 1603.6682 729.03063 1606.8078 729.375 1609.5625
C 732.23879 1609.3273 734.75765 1611.7831 737.71875 1610.9062
C 737.85753 1606.3767 741.41185 1609.385 744.1875 1608.7188
C 746.50339 1606.2214 748.7468 1605.6449 751.49414 1606.4141
L 748.50391 1591
L 746.89844 1588.0195
L 751.02539 1581.3711
L 758.13281 1582.0586
L 762.7168 1582.0586
L 767.99023 1577.2441
L 767.30273 1571.2832
L 773.49219 1567.8457
L 777.16016 1559.3633
L 779.91016 1557.9863
L 780.59766 1543.7734
L 789.31055 1535.9785
L 783.80859 1522.9121
L 779.45312 1519.7031
L 774.63867 1523.8281
L 772.80469 1518.0977
L 774.63867 1511.2207
L 768.44727 1483.4805
L 765.69727 1482.334
L 760.42383 1486.002
L 755.38086 1485.7734
L 752.85938 1471.5605
L 746.43945 1456.4297
L 741.85547 1455.2832
L 742.08398 1450.0098
L 735.20703 1444.0488
L 729.01758 1442.6738
z