M 1143.9805 1521.7969
L 1133.9219 1512.9238
L 1130.6797 1513.7344
L 1127.7617 1511.1406
L 1128.248 1503.5215
L 1121.7637 1503.1973
L 1119.6562 1491.6875
L 1114.6309 1486.3379
L 1110.5801 1486.3379
L 1107.6621 1490.7148
L 1107.0137 1499.1445
L 1101.0156 1496.5508
L 1100.8535 1489.7422
L 1098.2598 1485.8516
L 1096.8008 1488.4453
L 1095.9902 1498.0098
L 1090.8027 1500.4414
L 1088.0469 1509.5195
L 1084.4805 1513.4102
L 1075.8887 1510.4922
L 1076.2129 1503.6836
L 1072.4844 1503.1973
L 1070.0527 1508.709
L 1066.4863 1510.6543
L 1063.082 1506.6016
L 1061.1367 1499.4688
L 1057.5703 1498.334
L 1057.4082 1493.7949
L 1062.4336 1484.8789
L 1061.2012 1480.5
L 1055.2402 1482.334
L 1051.7324 1481.4785
L 1047.8438 1492.3359
L 1041.1992 1497.3613
L 1044.4395 1509.1953
L 1042.4961 1518.1094
L 1047.5195 1520.7031
L 1050.1133 1515.6777
L 1052.8691 1514.0586
L 1064.8652 1517.623
L 1064.0547 1521.1895
L 1067.9453 1526.5391
L 1061.4609 1536.4277
L 1063.4062 1545.8301
L 1058.543 1545.9922
L 1051.4102 1548.5859
L 1048.6543 1544.8574
L 1046.2227 1543.3984
L 1042.4961 1545.9922
L 1036.9844 1543.0742
L 1033.2559 1543.0742
L 1030.3379 1549.8828
L 1024.9883 1547.4512
L 1019.3145 1546.4785
L 1019.1523 1542.75
L 1013.9648 1529.9434
L 1005.8594 1530.2676
L 995.97852 1522.2812
L 988.07031 1528.6426
L 985.77734 1534.375
L 986.92383 1540.1055
L 988.5293 1542.627
L 986.92383 1547.4414
L 988.29883 1549.7344
L 992.19727 1551.1094
L 998.1582 1557.0703
L 1014.9375 1553.7734
L 1028.7168 1553.7734
L 1031.1484 1560.2578
L 1034.7148 1559.9336
L 1035.8496 1562.2031
L 1034.0664 1566.7422
L 1037.1465 1569.498
L 1036.6602 1575.6582
L 1033.9043 1579.3867
L 1035.2012 1583.4395
L 1045.0898 1586.1934
L 1049.4648 1583.2773
L 1065.3516 1583.4395
L 1075.4023 1596.6504
L 1079.6172 1594.2988
L 1086.5879 1579.0625
L 1095.5039 1575.9824
L 1103.7715 1582.9531
L 1113.9297 1585.4941
C 1113.8954 1585.4788 1113.8802 1585.4515 1113.8438 1585.4375
C 1113.5106 1583.7016 1115.0521 1582.5882 1116.4688 1581.5117
C 1116.9994 1581.1072 1117.5164 1580.7051 1117.9062 1580.2812
C 1121.0252 1578.8124 1119.6405 1574.4882 1120.8438 1572
C 1122.5195 1572.854 1124.4274 1573.0884 1126.2812 1573.5
C 1126.8214 1571.8958 1126.756 1569.1583 1125.1562 1567.7812
C 1121.9236 1567.3331 1119.4138 1564.1337 1120.6562 1560.9062
C 1120.3316 1558.7525 1124.6875 1556.8253 1124.0938 1559.6562
C 1122.8029 1561.1375 1120.806 1565.1196 1123.9062 1565.5625
C 1127.2785 1562.8183 1127.4381 1557.8004 1127.7812 1553.75
C 1127.3776 1551.0609 1129.9331 1549.7626 1130.8125 1547.6562
C 1131.5559 1545.4925 1131.6499 1542.5923 1128.7188 1544.0312
C 1125.4333 1543.3413 1126.2083 1539.5486 1126.3125 1537.0938
C 1124.8195 1535.2069 1126.2708 1533.0052 1128.5312 1533.1562
C 1130.8682 1532.3485 1133.1777 1535.1242 1130.125 1536.0312
C 1127.5232 1536.3159 1128.3822 1539.1168 1130.2188 1539.875
C 1130.2765 1543.0254 1133.6017 1541.3281 1133.5938 1539
C 1133.6885 1536.6211 1135.9189 1536.385 1136.4688 1533.8438
C 1139.3009 1530.0575 1141.7276 1525.9954 1143.9688 1521.8125
C 1143.9736 1521.8081 1143.9756 1521.8013 1143.9805 1521.7969
z