M 1252.207 1444.4844
L 1254.002 1438.3184
L 1256.9805 1426.8555
L 1247.582 1410.5801
L 1244.373 1412.4141
L 1239.5586 1406.4531
L 1235.8906 1410.1211
L 1232.2227 1405.9941
L 1226.7207 1405.5352
L 1220.7598 1398.8867
L 1215.373 1396.252
L 1209.9844 1393.6152
L 1207.0039 1383.2988
L 1199.668 1382.6113
L 1192.791 1393.1562
L 1187.748 1392.9277
L 1185.2266 1398.8867
L 1185.4551 1410.1211
L 1186.3711 1416.3105
L 1182.0156 1420.4375
L 1182.9336 1424.5625
L 1186.3711 1426.8555
L 1184.5371 1432.8164
L 1187.9766 1438.0898
L 1195.543 1431.9004
L 1197.6055 1436.0254
L 1194.8535 1453.2207
L 1191.416 1457.8047
L 1193.0195 1468.1211
L 1202.502 1481.6543
C 1204.4889 1480.2366 1205.0359 1477.2636 1207.9062 1477.125
C 1209.8592 1475.663 1211.8834 1474.2792 1213.875 1472.8438
C 1217.179 1470.9968 1219.0564 1467.66 1221.9688 1465.4062
C 1224.3043 1462.1396 1227.8796 1460.2964 1230.5938 1457.4688
C 1232.166 1456.8909 1234.045 1452.9035 1231.1562 1454.6875
C 1229.4718 1456.9564 1225.7623 1456.9527 1225.0312 1459.9375
C 1223.3285 1462.6066 1219.9295 1463.7523 1218.5312 1466.7188
C 1214.0217 1470.282 1209.5887 1475.8653 1203.2188 1475.3438
C 1204.0809 1473.1264 1206.7111 1473.6877 1208.375 1472.7188
C 1210.8084 1470.2894 1216.0237 1469.7723 1215.9688 1465.5
C 1216.6862 1463.7733 1216.7198 1460.516 1219.0625 1460.3125
C 1221.4122 1460.9479 1223.2956 1459.4748 1224.25 1457.4688
C 1225.7434 1456.011 1225.4737 1452.9384 1228.3125 1453.5625
C 1229.6882 1451.8285 1231.9416 1452.2557 1233.7812 1451.3438
C 1235.8565 1451.2548 1236.939 1449.7682 1238.5312 1448.8438
C 1240.4833 1448.2269 1241.6377 1446.061 1244.0312 1447
C 1245.5905 1445.3518 1247.2154 1446.0958 1249.1875 1445.625
C 1249.8824 1444.7764 1251.4499 1444.2537 1252.207 1444.4844
z