M 1311.543 1386.2793
L 1309.9375 1380.7773
L 1305.123 1375.5039
L 1293.8906 1379.8594
L 1285.4082 1380.0879
L 1276.9258 1385.5898
L 1259.7324 1393.8438
L 1253.3125 1401.1797
L 1250.332 1401.8672
L 1247.8105 1397.5117
L 1247.8105 1391.7812
L 1248.2695 1380.5469
L 1254.6895 1375.7324
L 1256.5234 1364.041
L 1246.8945 1363.125
L 1243.6855 1370.2305
L 1238.8711 1371.377
L 1231.3047 1390.8633
L 1215.373 1396.252
L 1220.7598 1398.8867
L 1226.7207 1405.5352
L 1232.2227 1405.9941
L 1235.8906 1410.1211
L 1239.5586 1406.4531
L 1244.373 1412.4141
L 1247.582 1410.5801
L 1256.9805 1426.8555
L 1254.002 1438.3184
L 1252.207 1444.4844
C 1252.7375 1444.646 1252.8815 1445.1668 1252 1446.25
C 1252.2443 1447.3952 1251.7494 1448.2145 1250.9727 1448.7285
L 1250.1426 1451.582
C 1253.9805 1451.7655 1257.303 1454.0969 1258.875 1457.5938
C 1259.1311 1461.2645 1258.4585 1466.1683 1262.5312 1468.0312
C 1264.391 1469.4157 1266.564 1469.8767 1268.7773 1470.0723
L 1268.9023 1464.2246
L 1272.1113 1458.9512
L 1292.7441 1447.4883
L 1297.0996 1444.2793
L 1298.2461 1440.8398
L 1293.2031 1439.4648
L 1294.3496 1435.1094
L 1299.1641 1430.5234
L 1299.8516 1419.9785
L 1296.8711 1413.1016
L 1301.4551 1403.7012
L 1304.666 1394.9902
L 1306.041 1389.2598
L 1311.543 1386.2793
z