M 1113.9297 1585.4941
L 1103.7715 1582.9531
L 1095.5039 1575.9824
L 1086.5879 1579.0625
L 1079.6172 1594.2988
L 1075.4023 1596.6504
L 1071.1875 1599
L 1067.9453 1608.0781
L 1063.7305 1613.1035
L 1047.6816 1616.9941
L 1041.1992 1614.7246
L 1033.5801 1615.373
L 1019.9629 1610.3477
L 1016.7207 1611.4824
L 1004.5625 1627.6934
L 1000.4492 1637.3086
L 1011.6836 1651.0625
L 1014.4805 1660.5215
C 1014.607 1660.5465 1014.7521 1660.469 1014.875 1660.5
C 1017.9702 1662.4646 1021.2023 1659.1902 1024.25 1658
C 1026.7935 1658.655 1029.3633 1660.2596 1031.9062 1660.5312
C 1034.9617 1661.3909 1035.8705 1663.0632 1038.375 1664.5938
C 1041.0444 1665.1279 1043.4057 1667.0558 1046.4375 1666.5312
C 1046.1631 1669.132 1049.6666 1671.4722 1051.125 1673.5625
C 1052.6142 1675.9252 1056.1044 1675.1297 1058.2812 1677.0625
C 1062.1047 1678.2829 1060.2265 1671.2255 1064.4375 1672.3125
C 1066.4662 1674.2392 1069.6433 1674.7698 1072.6562 1674.9375
C 1075.0975 1676.0719 1080.3391 1676.446 1076.5938 1672.7812
C 1075.3311 1670.0793 1073.1047 1667.0186 1076.8125 1666.8438
C 1076.4567 1663.1236 1081.3214 1664.8265 1082.625 1661.7812
C 1085.0858 1660.4281 1088.0954 1661.8422 1090.5938 1662.9688
C 1093.4723 1661.5503 1094.6608 1658.9989 1097.5312 1657.9062
C 1098.0314 1654.859 1104.2156 1653.6311 1103.0625 1654.2188
C 1105.6873 1655.0874 1109.4847 1656.3148 1109.6875 1652.4688
C 1111.8778 1647.3655 1114.3298 1654.4209 1116.4375 1652.5
C 1118.4738 1649.7346 1120.8597 1653.556 1123.5625 1651.4688
C 1124.2687 1653.8484 1126.0276 1656.8809 1128.5312 1658.0938
C 1130.389 1662.0609 1133.3769 1657.4258 1136.125 1658.5625
C 1137.606 1659.7253 1139.1662 1658.6145 1140.9062 1658.4375
C 1140.9702 1657.9309 1140.9862 1657.5829 1140.9062 1657.0625
C 1138.8392 1653.5976 1137.7727 1649.3782 1134.25 1647.0312
C 1134.343 1644.7186 1132.9504 1642.6145 1130.7188 1641.875
C 1126.7285 1641.1215 1126.064 1636.7076 1125.5938 1633.375
C 1125.7014 1629.3729 1124.2354 1625.582 1124.5625 1621.5938
C 1124.7174 1620.3264 1124.1547 1615.7006 1122.4688 1617.75
C 1120.2523 1617.5751 1118.8704 1613.9908 1120.3125 1612.1562
C 1122.8721 1610.1547 1122.4573 1614.7242 1123.9375 1615.2812
C 1125.4897 1612.7217 1124.4032 1609.3975 1124.9688 1606.5312
C 1124.8038 1602.0439 1126.6594 1596.8302 1124.4062 1592.5312
C 1122.4615 1590.1138 1119.4834 1591.005 1116.875 1590.4688
C 1114.1279 1589.918 1116.0237 1586.4321 1113.9297 1585.4941
z