M 1495.9844 626.12891
L 1493.4707 627.66992
L 1495.416 635.77539
L 1493.6328 641.44727
L 1485.5273 643.39258
L 1476.6113 641.77148
L 1466.3984 639.50391
L 1460.5625 642.41992
L 1456.0234 637.7207
L 1444.8398 644.85156
L 1443.7051 655.55078
L 1447.2715 657.17188
L 1451.4844 665.27734
L 1455.375 666.57422
L 1459.1035 679.54297
L 1462.1836 679.54297
L 1459.4277 686.35156
L 1456.5098 687.32422
L 1450.998 692.83594
L 1449.0527 698.34766
L 1454.2402 700.29297
L 1453.7539 704.18359
L 1449.7012 706.45312
L 1451.9707 711.15234
L 1450.0254 713.25977
L 1449.5391 715.85352
L 1447.9199 722.82422
L 1453.7539 728.98438
L 1450.8359 732.22656
L 1445.8125 731.57812
L 1444.3535 739.68359
L 1444.1914 742.43945
L 1430.5742 749.73438
L 1428.1426 753.46289
L 1428.6289 757.83984
L 1422.6309 758.8125
L 1419.875 763.67578
L 1421.334 767.24219
L 1420.5234 772.10547
L 1417.4434 772.26758
L 1412.7422 774.21289
L 1413.0664 780.5332
L 1413.4727 782.07422
L 1413.877 783.61328
L 1409.5 788.15234
L 1409.3379 792.69141
L 1405.6094 797.87891
L 1404.4746 808.74023
L 1399.9824 810.32812
L 1388.875 814.25391
L 1385.6699 815.38672
L 1374.6484 820.25
L 1375.2969 826.41016
L 1380.1602 829.00391
L 1369.7852 842.94336
L 1364.4355 847.32031
L 1365.084 850.5625
L 1369.1367 850.5625
L 1372.2168 845.86133
L 1374.4863 844.40234
L 1379.3496 844.40234
L 1382.9141 849.91406
L 1382.752 853.15625
L 1381.7812 860.61328
L 1384.5352 860.45117
L 1389.2363 860.9375
L 1392.4785 866.61133
L 1394.748 868.88086
L 1399.6113 866.44922
L 1401.0703 868.39453
L 1398.1523 873.41992
L 1396.6934 882.82227
L 1393.4512 893.35938
L 1411.9551 908.63477
L 1418.9473 908.17578
L 1421.6973 909.20898
L 1419.8633 919.98242
L 1423.5312 921.93164
L 1422.8438 931.44531
L 1425.0215 934.99805
L 1432.0137 937.29102
L 1437.7461 938.20898
L 1443.1328 941.07422
L 1448.291 935.45703
L 1450.584 928.58008
L 1449.5527 925.48438
L 1450.3535 917.11719
L 1454.8242 919.98242
L 1458.1484 925.02539
L 1461.7012 926.05859
L 1464.4531 923.99414
L 1469.3828 913.33398
L 1470.1836 908.51953
L 1480.5 896.71289
L 1490.8164 889.26367
L 1494.0273 889.49219
L 1500.5605 895.45312
L 1513.4004 895.5957
C 1516.8978 892.59147 1519.9896 889.12313 1523.5352 886.1543
C 1526.9874 883.47459 1529.1192 879.01441 1533.7852 878.0293
C 1536.4756 876.81325 1540.1526 876.09886 1541.0039 872.99805
C 1543.7735 872.95735 1542.5429 869.10121 1545.5039 869.43555
C 1548.7214 869.16014 1549.7705 865.92741 1551.5664 863.81055
C 1552.1303 861.22105 1546.4933 860.41931 1549.2539 857.43555
C 1549.6108 854.92489 1550.2031 852.42099 1552.0664 850.49805
C 1553.673 845.71595 1551.5274 840.88271 1548.6914 837.0918
C 1550.402 834.32105 1553.0874 831.77842 1555.5352 829.4668
C 1557.7138 829.16176 1560.1457 829.4419 1562.3164 828.24805
C 1562.6731 828.18205 1563.036 828.08855 1563.3789 827.99805
C 1563.3789 827.99805 1565.6535 827.87285 1567.6289 827.5293
C 1569.6043 827.18575 1571.9104 826.38858 1572.2539 826.2168
C 1572.5975 826.04503 1573.6583 825.32849 1575.3477 824.8418
C 1577.0363 824.35511 1579.3535 823.37789 1580.4414 822.74805
C 1581.5293 822.11821 1582.4729 821.19301 1582.8164 820.5918
C 1583.16 819.99059 1584.7539 818.37305 1584.7539 818.37305
L 1584.2852 817.74805
L 1585.4102 816.93555
L 1584.2852 815.74805
L 1584.5664 815.62305
L 1585.5352 815.24805
C 1585.5353 815.24805 1584.9467 814.0916 1584.6602 813.74805
C 1584.375 813.40446 1583.0039 812.49805 1583.0039 812.49805
C 1582.6772 812.10337 1582.3016 811.77704 1581.8789 811.5293
C 1582.493 810.8481 1582.3243 807.79858 1584.3164 806.8418
C 1586.211 806.49922 1589.6446 806.09315 1587.9414 803.31055
C 1588.3869 800.95909 1591.9565 801.61149 1593.5352 800.0293
C 1596.7038 798.84402 1598.0601 795.37678 1601.1289 794.1543
C 1598.935 792.63336 1600.5452 791.10687 1602.8164 789.7168
C 1603.1679 789.23488 1603.5403 788.764 1603.9238 788.30078
C 1604.1282 788.49441 1604.3103 788.67274 1604.5215 788.87109
L 1604.9805 787.45508
L 1606.3242 785.85352
L 1608.7285 783.82031
C 1609.4089 783.34749 1610.1131 782.91067 1610.8477 782.5293
C 1611.8095 782.02371 1612.7641 781.10832 1613.457 780.09766
C 1613.7124 779.97618 1614.0847 779.80664 1614.2305 779.80664
C 1614.4378 779.80664 1614.3848 779.03125 1614.3848 779.03125
L 1614.1758 778.78125
C 1614.2738 778.53786 1614.3581 778.29621 1614.4102 778.06055
C 1614.1225 777.23527 1613.8685 776.40114 1613.6699 775.54688
L 1613.8164 773.86523
L 1613.3496 772.42188
C 1613.3656 772.11944 1613.3964 771.81236 1613.4434 771.49805
C 1613.6098 770.40419 1614.5298 770.1394 1615.6309 769.9668
C 1615.6309 769.9668 1615.6622 769.9487 1615.6992 769.9082
L 1617.2773 769.73047
L 1618.0527 769.31836
L 1620.7402 768.54297
L 1622.082 767.04492
L 1622.291 764.15039
C 1622.291 764.15039 1623.9439 763.53108 1624.2539 763.42773
C 1624.564 763.32444 1626.0605 763.47852 1626.0605 763.47852
L 1627.3535 760.63672
L 1627.0957 759.91406
L 1626.6816 757.17578
L 1625.1816 756.91602
L 1624.9766 755.93555
L 1623.6348 755.625
L 1622.082 755.625
L 1620.8438 756.40039
L 1618.6738 757.12305
L 1615.418 757.22656
L 1613.0938 758.25977
L 1610.7148 758.25977
L 1608.0781 757.69141
L 1607.1113 758.03711
C 1607.1113 758.03111 1607.0957 757.9668 1607.0957 757.9668
C 1606.5932 758.23939 1606.2142 758.33632 1605.918 758.32617
L 1606.1504 754.96289
C 1606.0196 755.01449 1605.9435 755.04679 1605.8145 755.09766
C 1606.0861 754.6267 1606.4065 754.21347 1606.752 753.99805
C 1609.838 754.03775 1608.4669 748.83552 1611.8457 749.7793
C 1613.3151 749.18532 1612.5359 748.65552 1612.8457 748.09375
L 1612.5352 748.6543
L 1609.9727 748.87305
L 1609.3789 747.9668
L 1609.5039 746.8418
L 1609.1914 745.81055
L 1607.6602 745.31055
L 1607.7559 742.81055
L 1608.8477 741.28125
L 1608.8477 741.2793
L 1612.0234 741.16211
L 1612.2227 741.1543
L 1612.1641 742.09961
L 1612.1641 742.10547
L 1612.127 742.74805
L 1612.2949 742.98242
L 1612.752 743.62305
L 1612.7695 744.20898
L 1612.7871 744.7793
C 1612.8121 744.7082 1612.8936 744.6814 1612.9297 744.61914
C 1613.1567 744.22796 1613.576 743.9851 1614.5059 744.12305
C 1616.9339 744.68589 1617.6371 741.2318 1620.2559 741.74805
C 1623.2702 739.50557 1618.7997 737.12716 1619.2871 734.56055
C 1617.7 731.56279 1621.9807 733.06532 1622.9434 731.06055
C 1624.6138 730.49607 1626.3531 733.10579 1628.4121 732.9043
C 1628.7342 733.12271 1629.0664 732.99404 1629.3926 733.08789
L 1626.5332 723.51562
L 1619.6562 723.28516
L 1617.8223 720.53516
L 1612.3203 720.07617
L 1607.7344 713.19922
L 1602.9199 709.75977
L 1603.8379 692.56641
L 1602.0039 685.68945
L 1605.6719 680.1875
L 1605.9004 677.20703
L 1601.7734 677.43555
L 1597.6484 675.14258
L 1589.7598 669.16797
L 1578.252 662.52148
L 1573.7129 662.03516
L 1567.0664 658.46875
L 1563.8242 652.30859
L 1559.7715 651.01172
L 1554.584 649.06641
L 1552.3145 646.14844
L 1542.5879 645.98633
L 1534.3203 652.4707
L 1530.7539 652.79492
L 1522.4863 649.22852
L 1521.5137 643.39258
L 1524.918 638.36914
L 1525.4043 633.18164
L 1515.1934 630.10156
L 1503.5215 630.42578
L 1498.4961 624.58984
L 1495.9844 626.12891
z

M 1577.4062 716.5
L 1578.0625 717.875
L 1581.0625 718.1875
L 1580.625 719.625
L 1584.9375 721.59375
L 1585.3125 720.28125
L 1585.75 720.125
L 1587.5625 720.78125
L 1588.6562 722.3125
L 1589.8438 723.625
L 1591.25 724.34375
L 1592.75 724.59375
L 1594.7188 722.21875
L 1595.2812 719.75
L 1596.0254 719.6875
L 1596.0352 719.6875
L 1597.2539 722.4375
L 1599.0039 722.71875
L 1602.1914 722.4375
L 1602.7227 722.5
L 1605.6914 721.0625
L 1606.5039 722.03125
L 1608.2852 722.34375
L 1608.6602 723.5
L 1609.7852 725.6875
L 1608.7852 726.3125
L 1611.0039 727.71875
L 1612.1602 728.03125
L 1612.5352 728.09375
L 1613.4727 728.84375
L 1613.9414 729.96875
L 1613.4414 731.65625
L 1614 734
L 1613.5312 733.6875
L 1613.5312 733.68945
L 1613.1895 734.125
L 1612.1895 733.46875
L 1611.7207 731.75
L 1610.6895 731.3125
L 1610.6895 731.31445
L 1608.7539 732.34375
L 1609.7852 735.375
L 1609.7852 735.37695
L 1608.8008 736.30469
L 1608.7246 736.375
L 1605.2871 737.25
L 1605.1621 736.90625
L 1602.7871 736.4375
L 1602.7871 736.43945
L 1601.1016 737.1875
L 1600.5078 738.25
L 1601.0078 739.8125
L 1601.0078 739.81445
L 1600.0098 741.875
L 1599.3848 740.84375
L 1597.0723 740.8125
L 1596.166 739.28125
L 1596.2598 738.78125
L 1595.4473 738.25
L 1593.6035 737.96875
L 1589.9785 738.875
L 1589.166 737.375
L 1589.2285 735.15625
L 1587.291 735.5
L 1585.6973 735.03125
L 1585.6973 735.0332
L 1583.9805 736.71875
L 1585.7305 736.84375
L 1586.793 738.34375
L 1587.0742 740.125
L 1587.9805 740.875
L 1587.9805 740.87695
L 1587.4512 741.21875
L 1584.2324 742.53125
L 1583.6074 739.6875
L 1582.4199 737.65625
L 1582.5117 737.56445
L 1582.5117 737.5625
L 1581.6055 734.1875
L 1580.668 733.28125
L 1579.2305 731.15625
L 1580.4785 728.3457
L 1580.4785 728.34375
L 1580.1973 727.5957
L 1580.1973 727.59375
L 1582.6328 726.6875
L 1582.9766 725.34375
L 1581.0703 725.15625
L 1581.0703 725.1582
L 1580.1328 727.34375
L 1578.5703 726.53125
L 1576.6953 723.5625
L 1577.2891 722.6875
L 1578.7246 720.5957
L 1578.7246 720.59375
L 1576.6309 718.125
L 1577.4062 716.5
z

M 1575.25 732.9375
L 1576.0625 733.78125
L 1576.0625 733.7832
L 1575.2207 734.59375
L 1572.7207 734.5
L 1572.6895 733.2832
L 1572.6895 733.28125
L 1573.4395 733.09375
L 1575.25 732.9375
z