M 1692.127 630.34375
L 1684.4199 634.91016
L 1677.7715 634.22266
L 1673.9883 626.77148
L 1674.1035 621.8418
L 1675.0195 614.96484
L 1670.6641 611.52539
L 1670.5488 606.36719
L 1662.1816 604.18945
L 1657.1387 600.86523
L 1651.0625 604.30469
L 1644.5293 603.61719
L 1640.1738 605.45117
L 1639.4863 611.98438
L 1635.3594 612.55859
L 1630.4277 609.57812
L 1629.0527 621.72852
L 1621.0293 629.75195
L 1623.0918 634.56641
L 1619.6543 637.08789
L 1615.7559 654.05273
L 1615.2988 659.55469
L 1611.4004 660.24219
L 1606.8164 662.07617
L 1606.1289 664.82617
L 1607.0449 667.80664
L 1602.6895 670.32812
L 1596.5 671.70508
L 1597.6465 675.14258
L 1601.7715 677.43555
L 1605.8984 677.20703
L 1605.6699 680.1875
L 1602.002 685.68945
L 1603.8359 692.56641
L 1602.918 709.75977
L 1607.7324 713.19922
L 1612.3184 720.07617
L 1617.8203 720.53516
L 1619.6543 723.28516
L 1626.5312 723.51562
L 1629.3906 733.08984
C 1632.7121 734.05464 1636.2042 729.56627 1639.3145 732.6875
C 1641.0348 734.85442 1644.1235 731.74226 1645.377 733.5625
C 1643.7902 735.60479 1642.8601 737.78709 1643.0332 740.4375
C 1641.8349 743.25455 1646.535 743.54811 1648.3457 743.28125
C 1651.431 742.4323 1649.6744 748.353 1652.5332 746.125
C 1654.2026 744.50183 1656.4863 744.75098 1658.2832 743.84375
C 1660.0776 742.94245 1662.9623 743.14534 1664.8145 744.125
C 1667.1522 744.73115 1669.3242 744.63506 1671.0645 742.96875
C 1673.7328 742.6 1674.1132 738.94799 1676.877 738.625
C 1679.3885 736.25725 1675.5646 735.67236 1674.5645 734.21875
C 1674.7345 730.79181 1678.4787 732.83771 1679.7207 734.4375
C 1682.3728 734.93153 1685.5188 731.41066 1682.8457 729.25
C 1681.4784 726.12265 1687.3847 729.9008 1686.5957 726.09375
C 1687.213 723.34753 1680.965 725.41043 1684.1895 722.59375
C 1685.6657 720.40527 1690.4627 721.53919 1689.9707 718.21875
C 1691.1882 715.61246 1696.0124 718.25445 1694.9082 714.40625
C 1694.9442 711.6355 1691.6582 710.14971 1692.0645 707.1875
C 1689.9031 704.28868 1685.3971 702.80558 1685.4082 698.625
C 1684.6508 696.18646 1684.6642 693.50873 1687.2207 692.21875
C 1690.1454 690.03192 1689.3549 686.349 1687.7207 683.625
C 1685.7658 678.88767 1688.1438 673.49229 1691.2832 669.8125
C 1692.7154 666.93919 1687.9242 663.04975 1692.002 661.3125
C 1695.5458 659.70644 1693.3849 655.95041 1693.9395 653.125
C 1696.9006 649.97661 1700.853 646.00378 1698.8145 641.25
C 1697.1151 637.20952 1691.5639 635.30792 1692.127 630.34375
z