M 1851.4785 1671.7461
L 1849.709 1679.2617
L 1850.0527 1686.3672
L 1852.8027 1693.5898
L 1852.918 1698.0586
L 1854.6367 1700.6953
L 1858.9941 1702.1855
L 1863.2344 1703.9062
L 1866.2148 1706.084
L 1868.3926 1708.375
L 1869.7676 1712.7324
L 1871.6016 1716.6289
L 1872.748 1718.1191
L 1873.8945 1719.6094
L 1876.9902 1718.6914
L 1880.084 1719.2656
L 1881.918 1720.5254
L 1884.3262 1721.9023
L 1885.3574 1723.7363
L 1883.5234 1726.2578
L 1881.8047 1728.6641
L 1881.3457 1730.7285
L 1882.2617 1732.5625
L 1885.1289 1733.8223
L 1886.6172 1734.625
L 1889.5977 1734.0527
L 1893.3809 1731.5293
L 1893.7246 1734.166
L 1893.4961 1737.0312
L 1891.8906 1740.4707
L 1892.2344 1747.4629
L 1892.3496 1751.9336
L 1892.4648 1756.5176
L 1891.3184 1760.3008
L 1889.7129 1762.3652
L 1886.6172 1765.459
L 1884.7832 1768.8984
L 1884.7832 1771.8789
L 1887.1914 1773.1387
L 1888.1074 1774.5137
L 1887.4199 1778.2969
L 1886.5039 1781.8516
L 1886.0449 1786.0918
L 1884.4395 1791.8223
L 1883.9824 1794.459
L 1884.2109 1796.4082
L 1884.7832 1797.0957
L 1886.9629 1796.8672
L 1890.1719 1792.5098
L 1892.0059 1788.8418
L 1893.2656 1784.8301
L 1895.0996 1781.9648
L 1897.9668 1780.8184
L 1901.6348 1778.7559
L 1906.5625 1775.8906
L 1906.793 1775.8906
L 1909.4277 1775.6602
L 1913.6699 1775.0879
L 1918.3691 1773.8262
L 1920.8906 1774.0566
L 1923.3398 1775.0156
C 1923.3391 1775.0086 1923.3406 1775.0012 1923.3398 1774.9941
C 1926.4243 1771.0013 1922.882 1766.0704 1923.7109 1761.623
C 1923.6479 1757.7835 1927.5245 1753.2268 1923.9707 1750.0234
C 1922.0689 1747.907 1925.6875 1746.0286 1925.4512 1748.2734
C 1926.748 1743.1126 1930.5525 1739.0778 1933.0527 1734.4648
C 1933.4726 1733.8204 1934.3609 1732.6772 1935.0156 1731.7871
C 1933.4572 1732.9705 1930.2575 1731.9097 1931.0137 1729.7227
C 1932.3924 1727.6362 1934.6631 1731.1941 1932.4375 1728.0078
C 1933.6796 1726.3853 1936.4224 1728.8823 1935.9668 1730.1777
C 1937.2819 1728.0396 1938.3702 1725.5441 1940.0859 1723.5508
C 1942.936 1720.5596 1944.2608 1716.5306 1943.7324 1712.4023
C 1943.3914 1714.0451 1942.5362 1716.8542 1940.1973 1716.7832
C 1936.9503 1717.1844 1938.7427 1714.3153 1940.627 1713.748
C 1940.7604 1712.0764 1943.0735 1709.686 1943.7246 1712.3203
C 1943.53 1709.4386 1943.8673 1706.6332 1944.3184 1703.7891
C 1943.6707 1700.0851 1943.243 1696.323 1943.9844 1692.5664
C 1945.1994 1689.355 1943.618 1686.2179 1943.8125 1682.9727
C 1942.9123 1680.5777 1942.2002 1678.1109 1941.6641 1675.6094
L 1930.4238 1677.2168
L 1925.8027 1676.2441
L 1921.5078 1675.5957
L 1917.0508 1675.5957
L 1915.6719 1675.1895
L 1915.5918 1672.5156
L 1916.6445 1669.1914
L 1915.7539 1668.0566
L 1912.1875 1667.6523
L 1907.4863 1668.3008
L 1904.082 1667.166
L 1901.2441 1666.5977
L 1897.3535 1668.1387
L 1895.4902 1666.5176
L 1892.248 1666.7598
L 1890.8691 1663.8418
L 1890.707 1660.6816
L 1890.9512 1657.1152
L 1892.0859 1652.7383
L 1891.2754 1650.3066
L 1889.9785 1647.7129
L 1887.2227 1647.7129
L 1884.6289 1648.9297
L 1882.0352 1653.6289
L 1879.6855 1655.4941
L 1876.7676 1660.2754
L 1874.6602 1664.166
L 1873.0391 1667.4902
L 1869.5527 1668.7871
L 1864.8516 1669.1914
L 1858.6113 1670.1641
L 1852.127 1672.2715
L 1851.4785 1671.7461
z

M 1935.6895 1730.8145
C 1935.5762 1731.0203 1935.3107 1731.3872 1935.0195 1731.7832
C 1935.3228 1731.5516 1935.5528 1731.2251 1935.6895 1730.8145
z

M 1906.2754 1854.084
L 1905.5742 1854.6113
L 1906.7129 1855.8281
L 1907.2207 1855.6914
L 1907.2637 1855.3828
L 1907.7832 1855.4785
L 1908.0137 1855.2852
L 1907.9922 1854.709
L 1907.4199 1854.6895
L 1907.1426 1854.1465
L 1906.2754 1854.084
z