M 1852.2871 1628.3066
C 1852.0366 1628.4697 1851.7908 1628.6496 1851.5254 1628.7559
C 1848.7746 1627.2539 1849.4505 1631.0585 1848.4395 1632.4492
C 1849.2681 1635.0497 1846.3368 1636.187 1844.4297 1636.8262
C 1841.9199 1637.2144 1842.7946 1633.3527 1839.6055 1635.125
C 1837.5926 1636.679 1838.1312 1630.8517 1836.5488 1634.5859
C 1838.2254 1636.1921 1837.8351 1639.0835 1836.5586 1640.9609
C 1838.2646 1643.9856 1835.6222 1642.8084 1834.1387 1643.5977
C 1833.3974 1645.2494 1830.0625 1644.3808 1830.9512 1647.0566
C 1831.6385 1648.8131 1827.9005 1651.5527 1830.3203 1652.1309
C 1833.0858 1650.9701 1832.7081 1654.4008 1831.127 1655.4688
C 1830.5967 1657.8853 1829.3064 1658.0031 1830.4688 1660.5078
C 1831.076 1663.9692 1827.8053 1662.2251 1826.0176 1662.0488
C 1823.5609 1662.1178 1823.351 1664.7904 1823.7852 1666.4141
C 1824.9336 1669.267 1820.7594 1667.366 1819.6406 1668.8574
C 1819.3108 1672.5866 1815.8202 1667.7983 1815.9863 1670.6035
C 1817.4865 1672.8071 1816.9523 1675.5182 1816.9883 1678.0137
C 1818.8026 1677.8677 1819.444 1674.681 1821.6621 1674.752
C 1824.4265 1673.7628 1824.8526 1676.4578 1826.793 1677.3145
C 1826.9502 1680.0138 1821.3863 1678.7216 1822.8555 1681.5039
C 1823.5869 1684.1206 1827.0465 1679.7502 1827.252 1683.0352
C 1827.6551 1685.2329 1831.0445 1683.3564 1831.7305 1686.0684
C 1831.9525 1687.71 1835.6165 1688.9328 1833.0254 1690.459
C 1830.3378 1690.1917 1828.4837 1692.7585 1826.0977 1692.9941
C 1823.2041 1691.4866 1821.304 1695.0813 1818.6973 1695.6797
C 1815.9225 1694.5928 1814.4117 1698.0057 1817.9062 1697.5059
C 1820.6805 1697.7563 1817.9172 1701.6331 1819.1797 1701.748
C 1820.6273 1702.0496 1821.4927 1706.9225 1819.1035 1706.4141
C 1816.0423 1709.0571 1821.8794 1706.9595 1821.5195 1708.8906
C 1820.9628 1709.932 1816.8228 1711.9825 1818.9941 1711.6836
C 1821.5406 1710.1993 1822.3951 1713.4383 1820.877 1715.0391
C 1821.5944 1716.0241 1824.8505 1713.3408 1825.7148 1716.0859
C 1827.2077 1716.7065 1829.6732 1716.6601 1829.7012 1718.9258
C 1830.2204 1721.3706 1833.0647 1719.0383 1834.4785 1718.7168
C 1836.6823 1719.9974 1835.4213 1723.7324 1837.8574 1725.0527
C 1836.9937 1728.3 1840.4147 1726.9279 1840.9883 1729.1289
C 1842.0877 1732.2961 1838.5145 1730.7567 1837.6719 1732.8398
C 1836.2066 1734.6925 1833.3928 1733.4573 1832.0645 1735.1484
C 1831.6097 1735.5992 1831.0427 1736.3434 1830.5684 1737.125
L 1837.4434 1736.2305
L 1842.373 1733.3633
L 1845.6973 1731.9883
L 1851.6582 1728.7793
L 1854.9824 1727.8613
L 1858.3047 1727.0605
L 1861.8594 1722.9336
L 1865.5273 1721.3281
L 1869.6543 1720.5254
L 1872.748 1718.1191
L 1871.6016 1716.6289
L 1869.7676 1712.7324
L 1868.3926 1708.375
L 1866.2148 1706.084
L 1863.2344 1703.9062
L 1858.9941 1702.1855
L 1854.6367 1700.6953
L 1852.918 1698.0586
L 1852.8027 1693.5898
L 1850.0527 1686.3672
L 1849.709 1679.2617
L 1851.4785 1671.7461
L 1850.8301 1671.2188
L 1850.8301 1667.5703
L 1852.209 1662.4648
L 1851.8848 1658.9785
L 1851.3984 1656.2227
L 1855.0449 1649.9824
L 1855.6113 1646.1738
L 1857.5566 1643.0117
L 1857.1523 1639.2031
L 1854.4766 1633.2051
L 1852.2871 1628.3066
z