M 1175.5098 185.60742
L 1180.123 198.57812
L 1183.0391 198.25391
L 1184.3359 203.44141
L 1175.0977 219.81445
L 1170.3965 222.4082
L 1170.5586 225.48828
L 1164.0742 221.92188
L 1154.6719 227.43359
L 1150.9434 231.64844
L 1131.6523 229.86523
L 1124.6816 226.78516
L 1119.8184 225.97461
L 1110.7422 232.13477
L 1111.2285 238.13086
L 1111.2285 242.3457
L 1107.8242 248.01953
L 1101.9883 249.80273
L 1098.9082 253.85547
L 1100.3672 259.69141
L 1107.3379 265.85156
L 1110.418 270.95703
L 1113.334 270.06641
L 1117.0625 271.20117
L 1121.2773 273.95703
L 1132.7871 272.33594
L 1135.0566 276.875
L 1136.6777 281.90039
L 1139.9199 281.41406
L 1143.1621 280.2793
L 1148.0254 283.8457
L 1153.5371 283.68359
L 1155.4824 279.14453
L 1160.3457 278.17188
L 1161.3184 273.95703
L 1166.5059 271.20117
L 1169.4238 273.79492
L 1175.2598 276.06445
L 1181.2559 275.57812
L 1190.1719 272.98438
L 1192.1172 268.60742
L 1195.3594 269.9043
L 1196.9805 272.01172
L 1204.9238 269.58008
L 1208.8145 270.39062
L 1209.9492 273.79492
L 1216.2715 271.84961
L 1221.6211 272.98438
L 1223.5664 275.41602
L 1238.1562 270.71484
L 1239.291 272.66016
L 1235.5625 276.06445
L 1236.5352 278.33398
L 1242.0469 279.63086
L 1255.6621 279.63086
L 1259.8613 278.21094
C 1259.6639 278.11684 1259.4113 278.09636 1259.3066 277.875
C 1259.3246 277.8478 1259.3375 277.82202 1259.3555 277.79492
C 1260.5497 275.99097 1261.5224 274.31693 1259.1504 272.71875
C 1257.8606 270.51446 1259.955 267.78888 1261.5254 266.4375
C 1264.464 267.2853 1264.8714 264.28202 1266.8379 263.25
C 1269.4339 263.2202 1270.5285 260.32149 1268.3691 258.75
C 1266.3994 256.85076 1265.1762 254.36768 1266.1191 251.71875
C 1266.4647 248.97747 1262.0163 248.91106 1260.6816 250.5
C 1257.1284 251.32245 1258.5489 248.26725 1258.4629 246.28125
C 1261.1847 245.48926 1259.7656 242.68404 1260.9004 240.6875
C 1262.3525 239.03865 1259.1641 235.65601 1262.1816 235.375
C 1263.56 233.33517 1264.5726 230.58038 1267.3691 229.90625
C 1270.5799 227.8521 1266.7754 224.03443 1264.0254 224.15625
C 1263.2021 221.20392 1259.6985 222.65885 1261.6504 225.25
C 1262.8773 227.79341 1257.4975 228.14006 1258.4004 225.125
C 1255.9042 223.81791 1257.519 220.12431 1254.6816 218.875
C 1253.3751 216.70413 1250.8979 217.57391 1249.8066 215.3125
C 1247.1234 214.25002 1246.5496 211.49671 1245.1816 209.3125
C 1242.2727 210.37217 1239.469 211.87338 1236.3066 211.65625
C 1233.5961 212.91791 1230.5863 214.9539 1227.4941 213.90625
C 1226.7304 211.49321 1223.7154 212.04539 1222.4004 210.03125
C 1220.205 209.04729 1218.5096 211.40109 1216.3066 209.96875
C 1213.8218 210.35529 1211.1791 209.11695 1208.9941 210.9375
C 1206.8598 212.00541 1207.0926 215.29054 1206.4316 217.40625
C 1203.5582 214.65279 1204.8053 220.81667 1201.9004 217.375
C 1199.6405 214.24274 1199.0191 210.29769 1197.7754 206.84375
C 1199.2321 204.46349 1200.1827 201.7237 1198.9629 198.96875
C 1198.6902 196.51012 1199.4982 193.72107 1197.5879 191.6875
C 1197.0109 189.45802 1193.9818 188.8786 1193.5879 186.34375
C 1192.5814 184.83055 1190.1399 182.33316 1188.6191 184.59375
C 1188.1778 184.29163 1187.7298 184.05917 1187.2754 183.875
L 1187.7441 182.9375
C 1187.7441 182.9375 1185.9159 182.2786 1185.7441 182.25
C 1185.5723 182.2214 1185.1296 181.5859 1184.9004 181.5
C 1184.6715 181.4141 1182.8454 180.9609 1182.5879 180.875
C 1182.3299 180.7891 1181.0725 179.33327 1180.9004 179.21875
C 1180.7286 179.10423 1180.1204 179.16845 1179.4941 179.59375
C 1178.22 180.7895 1176.181 184.50967 1179.3691 184.8125
L 1177.7441 187.40625
C 1177.7441 187.40625 1176.9188 186.8073 1176.7754 186.75
C 1176.6339 186.69333 1175.8322 185.7936 1175.5098 185.60742
z