M 1058.1387 159.91602
L 1048.6387 155.38672
L 1048.9922 146.54883
L 1041.9219 145.31055
L 1034.6738 138.59375
L 1032.1992 128.69336
L 1031.8457 121.44531
L 1030.6074 113.49023
L 1023.0059 108.89453
L 1028.1328 97.226562
L 1029.1309 81.066406
C 1029.0979 81.042809 1029.0641 81.025137 1029.0312 81
C 1023.8515 82.393822 1018.8458 84.71792 1013.4062 85.09375
C 1010.5845 86.30092 1007.8602 87.734646 1004.8359 88.458984
C 1004.5741 88.521704 1004.3606 88.70052 1004.0938 88.75
C 1001.8854 89.950447 999.48841 89.91107 997.0918 89.894531
C 995.4466 89.883181 993.80103 89.876951 992.21875 90.3125
C 988.19559 90.614101 984.34865 91.929215 980.37109 92.404297
L 987.29688 114.375
L 990.12695 127.80859
L 1000.7324 125.1582
L 1006.3906 128.33984
L 1008.5117 140.71484
L 1004.2676 148.66992
L 1009.3945 158.39258
L 1017.1738 169.70508
L 1028.3105 176.95312
L 1045.6348 179.95898
L 1060.6504 183.33984
L 1065.1895 180.9082
L 1067.9453 174.26172
L 1062.9199 171.18164
L 1063.082 165.99609
L 1057.5703 161.13281
L 1058.1387 159.91602
z