PROVINCE ECCLÉSIASTIQUE DE TARRAGONE
============================================================

Diocèses de la province (1) :
  - Urgell

============================================================


############################################################
# 1. DIOCÈSE DE URGELL
############################################################

m 1014.4805,1660.5215 -2.7969,-9.459 -11.2344,-13.7539 -9.62889,-5.502 -11.23242,-5.5019 -6.41992,-1.1465 -10.18945,6.4004
c 0.13021,0.1677 0.22418,0.3186 0.2832,0.4512 0.78778,1.769 -4.61307,0.5238 -5.13672,3.0214 -0.68057,2.3344 -2.18088,5.1475 -2.3125,7.9688 0.0388,2.0267 0.70678,5.2939 3.5,4.0312 2.65334,1.7147 5.74328,0.7071 8.78125,1.3126 2.98428,0.6054 3.99954,4.354 7.09375,4.9062 1.43587,2.9252 4.69915,2.9902 6.96875,2.0625 2.08119,-0.1888 2.93177,3.3346 3.625,5.8125 0.40888,2.8561 0.67189,6.4024 2.75,8.7188 2.22253,1.5547 4.53698,4.8551 7.34375,2.4687 2.02477,0.7472 5.772,-0.8296 6.9688,-2 0.1515,-2.5446 4.618,-3.0461 4.375,-6.875 1.0633,-2.4444 4.5337,-3.4493 7.2617,-2.916
z

