M 716.04688 403.46875
L 717.32617 410.24414
L 719.27344 411.39062
L 723.05664 411.39062
L 724.31641 412.65039
L 722.25391 415.97461
L 723.62891 417.69531
L 724.20312 420.10156
L 723.17188 420.10156
L 719.16016 420.9043
L 717.55469 423.08203
L 716.86719 426.52148
L 719.73242 428.8125
L 724.43164 430.76172
L 726.03711 436.03516
L 724.54688 438.44141
L 720.41992 441.53711
L 717.95508 441.59375
L 722.33789 450.32617
L 730.92969 450.48828
L 734.00977 455.67578
L 735.63086 464.91602
L 733.19922 472.69727
L 735.14453 476.58789
L 743.25 481.61328
L 748.92383 478.85742
L 755.73242 478.85742
L 757.83984 483.07227
L 753.625 489.07031
L 757.67773 491.01562
L 762.2168 500.25586
L 763.18945 504.95703
L 758.16406 510.30469
L 758.32617 515.81641
L 764 518.08594
L 770.48438 518.24805
L 776.80469 519.54492
L 776.9668 513.54688
L 794.3125 509.98047
L 796.07227 506.5293
L 795.72852 501.71484
L 792.4043 496.55664
L 791.25781 492.42969
L 795.15625 483.25977
L 795.04102 475.35156
L 793.89453 466.75391
L 802.95117 454.375
L 805.58594 448.98828
L 810.05664 441.53711
L 812.69336 443.25586
L 820.25781 442.91211
L 821.63477 432.25195
L 821.46289 427.78125
L 821.29102 423.31055
L 819.11328 417.46484
L 815.55859 412.19336
L 814.87109 404.62695
L 809.36914 398.78125
L 802.14844 395.11328
L 793.55078 392.70703
L 790.50586 390.98828
L 781.97461 386.17188
L 776.73633 377.77344
C 773.66716 378.29345 770.59219 378.7818 767.5 378.78125
C 765.42285 380.0597 762.58079 377.99793 761.5 380.125
C 757.8234 381.69796 753.33174 381.64316 750.28125 384.5
C 747.33664 386.41374 746.17986 389.97706 743.6875 392.25
C 738.20747 394.71949 733.32447 398.47828 727.65625 400.5
C 724.04683 402.43639 720.04826 402.9847 716.04688 403.46875
z

M 747.81641 425.60352
L 749.53516 428.69922
L 747.81641 430.87695
L 741.39648 432.36719
L 738.1875 436.26367
L 732.45508 436.49414
L 730.62109 433.16992
L 732.45508 430.5332
L 740.36523 429.04297
L 747.81641 425.60352
z

m 874.36192,381.81693 -4.69964,2.63638
h -3.89726
l -2.98026,2.75101 -0.34387,3.66801 4.01188,0.80238 7.79452,2.75101 1.49013,-0.4585 0.34388,-9.17003
z

m 944.09765,403.80275 -4.45788,-2.18841 -3.16104,-0.72947 -1.21579,2.35052 0.56737,4.37682 5.02524,0.0811 4.05262,0.89157 0.56737,-2.67473
z