M 908.19922 262.50586
C 904.89689 264.77 901.62269 267.08001 898.875 270.03125
C 895.18461 273.08368 892.18717 276.75975 888.0625 279.25
C 882.20927 281.93581 875.92419 283.85399 870.65625 287.65625
C 866.97958 288.60414 863.07247 289.41046 859.21875 289.125
C 855.67391 288.23982 853.1068 291.03456 850.0625 292.09375
C 846.16427 293.76433 841.8863 293.91199 837.9375 295.21875
C 833.52539 298.36583 827.91457 297.84153 822.84375 297.375
C 819.23292 298.18872 815.56776 298.86639 812.1875 300.375
C 807.75898 301.32075 803.92568 303.78468 800.53125 306.71875
C 797.84381 307.09244 796.38489 309.56768 794 310.40625
C 789.60347 312.9281 784.67292 314.04384 780.59375 317.0625
C 779.07917 319.65628 776.45126 320.90809 773.5625 321.25
C 770.01928 321.12242 767.67526 323.93188 764.59375 325.0625
C 761.98875 324.85903 760.18363 326.65706 758.375 328.125
C 756.97718 330.01881 755.0708 331.72383 754.90625 334.3125
C 754.24781 341.30831 750.47189 347.30023 747.28125 353.375
C 745.95734 356.7234 742.33777 360.19597 744.0625 363.9375
C 746.74532 365.09759 747.25132 368.36513 750.125 369.28125
C 751.37061 371.01769 755.89033 369.10351 754.53125 371.78125
C 757.95533 372.88438 757.25826 371.78325 758.65625 370.5
C 760.61889 371.42485 762.55458 371.93552 764.28125 373.40625
C 768.14936 374.11281 772.16169 374.62685 776.09375 374.59375
C 783.52678 374.85056 790.18577 371.12588 796.75 368.3125
C 794.94007 370.56105 792.72714 372.34101 790.27734 373.73047
L 793.20703 378.14844
L 793.55078 386.40234
L 790.50586 390.98828
L 793.55078 392.70703
L 802.14844 395.11328
L 809.36914 398.78125
L 814.87109 404.62695
L 815.55859 412.19336
L 819.11328 417.46484
L 821.29102 423.31055
L 821.46289 427.78125
L 828.62695 421.47656
L 837.22266 418.61133
L 841.69336 409.55664
L 844.90234 411.84961
L 850.75 411.96289
L 865.65039 405.08594
L 880.20703 401.76172
L 889.72266 404.2832
L 893.61914 407.03516
L 895.45312 411.73438
L 891.90039 415.51758
L 889.95117 418.61133
L 890.75391 424
L 896.82812 424
L 901.52734 419.87305
L 909.89648 415.40234
L 910.58398 419.64258
L 908.51953 423.19727
L 906.22852 427.4375
L 908.0625 431.56445
L 912.07422 431.56445
L 919.75391 441.65039
L 926.51562 451.73828
L 930.75781 454.375
L 934.42578 453.6875
L 938.20898 449.33203
L 940.04297 445.54883
L 945.6582 444.51758
L 947.37891 446.00781
L 948.41016 448.18555
L 947.37891 452.54102
L 941.18945 455.0625
L 937.97852 457.81445
L 938.20898 460.9082
L 941.87695 461.48242
L 949.21289 461.5957
L 952.30664 465.60742
L 957.80859 468.24414
L 968.125 463.88867
L 977.63867 461.48242
L 986.00781 462.2832
L 985.77734 467.32812
L 987.61133 474.66406
L 990.24805 474.77734
L 997.24023 463.54492
L 995.17773 459.30273
L 993 455.40625
L 994.83398 454.14648
L 999.5332 457.01172
L 1004.0039 450.24805
L 1011.4531 450.01953
L 1013.9766 445.77734
L 1015.1211 441.19336
L 1010.5371 439.12891
L 1004.8047 431.2207
L 1005.1484 419.87305
L 1002.1699 411.73438
L 1002.0547 404.39844
L 998.61523 404.51367
L 992.31055 402.33398
L 989.2168 401.87695
L 985.08984 396.03125
L 976.49219 391.2168
L 971.44922 387.77734
L 963.99805 387.77734
L 961.36328 386.17188
L 956.08984 388.46484
L 953.91211 383.19336
L 954.37109 376.77344
L 956.54883 371.27148
L 948.63867 364.9668
L 948.29492 361.18359
L 946.80469 354.99414
L 943.13672 353.16016
L 938.78125 353.16016
L 939.00977 348.00195
L 939.24023 346.74219
L 945.77344 345.02148
L 951.84766 341.46875
L 954.94336 334.01758
L 962.85352 331.26758
L 964.45703 325.65039
L 970.18945 321.86719
L 968.92773 316.36523
L 968.46875 313.27148
L 970.30273 306.39258
L 965.60352 308.68555
L 961.70703 306.50781
L 959.64258 308.57227
L 961.36328 314.30273
L 959.07031 315.9082
L 956.66211 315.33398
L 952.76562 308.91602
L 952.30664 299.05664
L 944.74219 293.32617
L 940.73047 290.91992
L 938.4375 286.79297
L 933.9668 284.72852
L 925.94336 273.83984
L 908.19922 262.50586
z