M 636.28516 518.9082
L 631.92969 512.94922
L 624.36328 509.50977
L 623.5625 504.4668
L 620.58203 502.17383
L 616.57031 502.28906
L 608.89062 496.67188
L 606.48242 498.73438
L 601.55273 499.42188
L 592.95703 497.58789
L 590.20508 493.57617
L 585.04688 495.86914
L 579.20117 495.29688
L 572.0957 492.08594
L 567.73828 492.42969
L 555.24414 499.30859
L 541.26172 499.88086
L 536.375 501.37891
C 536.37429 501.38793 536.37571 501.39723 536.375 501.40625
C 535.46064 504.04431 537.75974 505.59488 539.90625 506.34375
C 543.60798 507.8084 542.19722 512.78727 545.03125 514.84375
C 547.24464 515.32099 549.59107 515.91216 551.25 517.59375
C 551.266 521.4069 553.3801 517.61965 555.28125 517.53125
C 556.56502 518.81613 557.38342 520.57955 560.15625 520.65625
C 562.43554 520.37705 563.52423 525.35574 560.90625 522.84375
C 558.45986 522.75485 555.92577 522.04629 553.5 522.65625
C 551.65246 523.77979 549.26882 523.32678 548 525
C 545.8251 524.2194 543.60055 525.4953 542.0625 524.3125
C 540.78235 524.3185 539.42395 524.05415 538.07812 523.81055
L 538.96875 529.22461
L 540.11523 535.87305
L 538.625 546.87695
L 544.58398 556.16211
L 548.59766 555.47461
L 552.15039 558.91211
L 555.35938 559.71484
L 561.66406 559.37109
L 562.69531 553.06641
L 568.3125 552.95312
L 576.91016 544.4707
L 583.44336 546.41797
L 585.84961 547.2207
L 592.38281 546.76367
L 596.16602 550.20117
L 599.60547 547.9082
L 603.96094 552.49414
L 606.94141 552.83789
L 611.75586 549.05469
L 617.02734 551.80664
L 625.28125 551.00391
L 630.55469 542.29297
L 637.20117 531.97656
L 638.00391 524.86914
L 638.11914 521.77539
L 636.28516 518.9082
z