M 651.98828 513.17773
L 653.47852 510.3125
L 658.86719 509.39453
L 663.56641 505.72656
L 671.24609 503.08984
L 672.50586 501.14258
L 670.78711 497.93164
L 669.29688 494.72266
L 673.30859 489.67969
L 677.66406 489.67969
L 680.1875 488.41797
L 681.21875 484.40625
L 678.23828 480.62305
L 678.00781 477.30078
L 679.95703 476.1543
L 687.17969 476.38281
L 688.7832 474.54883
L 690.50195 473.86133
L 691.07617 464.80469
L 694.74414 461.82617
L 695.43164 455.75
L 697.03711 453.57227
L 702.53906 449.9043
L 707.69727 444.51758
L 715.49219 441.65039
L 717.95508 441.59375
L 720.41992 441.53711
L 724.54688 438.44141
L 726.03711 436.03516
L 724.43164 430.76172
L 719.73242 428.8125
L 716.86719 426.52148
L 717.55469 423.08203
L 719.16016 420.9043
L 723.17188 420.10156
L 724.20312 420.10156
L 723.62891 417.69531
L 722.25391 415.97461
L 724.31641 412.65039
L 723.05664 411.39062
L 719.27344 411.39062
L 717.32617 410.24414
L 716.04688 403.46875
C 714.40914 403.66687 712.76521 403.86214 711.15625 404.125
C 709.2435 404.55203 706.01653 404.80061 706.59375 407.21875
C 704.99097 407.38683 705.10116 405.74255 703.5 404.34375
C 699.1348 403.48936 695.17621 401.52009 691.1875 399.65625
C 686.97734 398.59411 683.60387 394.30431 678.96875 395.1875
C 673.10734 396.76556 667.59768 391.14839 661.9375 394.03125
C 658.43553 395.71566 654.83908 394.08945 651.34375 393.5
C 643.57765 394.03485 636.00502 391.99166 628.34375 391.21875
C 624.38663 390.26362 619.90432 389.1271 617.53125 385.53125
C 613.4481 385.15855 609.21081 384.5331 605.1875 385.59375
C 602.53413 386.95205 599.45617 384.2387 597.21875 386.375
C 595.97596 388.13052 592.58208 389.51228 593.4375 391.96875
C 595.70959 394.20646 592.02186 395.95846 590.0625 395.15625
C 588.78878 393.99485 590.6427 389.68446 587.53125 391.96875
C 587.39483 392.0963 587.23868 392.18337 587.08789 392.28125
L 584.70312 400.32812
L 586.65625 404.61328
L 592.16797 409.47656
L 592.81641 412.23242
L 590.22266 415.47461
L 593.30273 422.93164
L 594.59961 429.74023
L 601.24609 433.46875
L 600.43555 440.92383
L 598.65234 446.27344
L 602.38086 453.24414
L 602.54297 458.91797
L 600.43555 463.45703
L 601.24609 468.96875
L 604.48828 471.23828
L 618.75391 469.7793
L 620.05078 474.31836
L 619.72656 482.09961
L 617.61914 487.28711
L 617.61914 489.55664
L 620.53711 494.58203
L 621.83398 498.79688
L 620.58203 502.17383
L 623.5625 504.4668
L 624.36328 509.50977
L 631.92969 512.94922
L 636.28516 518.9082
L 639.95312 516.8457
L 643.62109 519.13867
L 645.11133 515.58398
L 646.83008 514.4375
L 649.4668 515.69922
L 651.98828 513.17773
z

M 636.28516 518.9082
L 631.92969 512.94922
L 624.36328 509.50977
L 623.5625 504.4668
L 620.58203 502.17383
L 616.57031 502.28906
L 608.89062 496.67188
L 606.48242 498.73438
L 601.55273 499.42188
L 592.95703 497.58789
L 590.20508 493.57617
L 585.04688 495.86914
L 579.20117 495.29688
L 572.0957 492.08594
L 567.73828 492.42969
L 555.24414 499.30859
L 541.26172 499.88086
L 536.375 501.37891
C 536.37429 501.38793 536.37571 501.39723 536.375 501.40625
C 535.46064 504.04431 537.75974 505.59488 539.90625 506.34375
C 543.60798 507.8084 542.19722 512.78727 545.03125 514.84375
C 547.24464 515.32099 549.59107 515.91216 551.25 517.59375
C 551.266 521.4069 553.3801 517.61965 555.28125 517.53125
C 556.56502 518.81613 557.38342 520.57955 560.15625 520.65625
C 562.43554 520.37705 563.52423 525.35574 560.90625 522.84375
C 558.45986 522.75485 555.92577 522.04629 553.5 522.65625
C 551.65246 523.77979 549.26882 523.32678 548 525
C 545.8251 524.2194 543.60055 525.4953 542.0625 524.3125
C 540.78235 524.3185 539.42395 524.05415 538.07812 523.81055
L 538.96875 529.22461
L 540.11523 535.87305
L 538.625 546.87695
L 544.58398 556.16211
L 548.59766 555.47461
L 552.15039 558.91211
L 555.35938 559.71484
L 561.66406 559.37109
L 562.69531 553.06641
L 568.3125 552.95312
L 576.91016 544.4707
L 583.44336 546.41797
L 585.84961 547.2207
L 592.38281 546.76367
L 596.16602 550.20117
L 599.60547 547.9082
L 603.96094 552.49414
L 606.94141 552.83789
L 611.75586 549.05469
L 617.02734 551.80664
L 625.28125 551.00391
L 630.55469 542.29297
L 637.20117 531.97656
L 638.00391 524.86914
L 638.11914 521.77539
L 636.28516 518.9082
z

m 747.81557,425.6038 -7.45065,3.43876 -7.90914,1.49013 -1.83401,2.63638 1.83401,3.32414 5.73126,-0.22925 3.20951,-3.89726 6.41902,-1.49013 1.71938,-2.17788
z

m 548.72434,368.38288 -3.4042,0.89158 -1.05368,0.24315 -1.05368,4.05262 2.75578,-0.48631 2.43157,-2.10736
z

m 545.96856,377.5418 -3.56631,0.89157 -1.13473,5.02525 3.72841,0.0811 3.07999,-0.97263 0.32421,-1.8642
z

m 568.98742,373.48918 -3.5663,2.67473 -3.72841,1.21578 -0.24316,2.02631 1.54,1.7021 0.81052,2.59367 3.64736,-1.37789 3.16104,-2.67472 -1.05368,-3.07999
z

m 577.90318,388.72702 -4.05262,0.64842 -0.97263,3.24209 3.2421,-0.1621 3.7284,0.97262 -0.48631,-2.75578
z
