M 536.375 501.37891
L 541.26172 499.88086
L 555.24414 499.30859
L 567.73828 492.42969
L 572.0957 492.08594
L 579.20117 495.29688
L 585.04688 495.86914
L 590.20508 493.57617
L 592.95703 497.58789
L 601.55273 499.42188
L 606.48242 498.73438
L 608.89062 496.67188
L 616.57031 502.28906
L 620.58203 502.17383
L 621.83398 498.79688
L 620.53711 494.58203
L 617.61914 489.55664
L 617.61914 487.28711
L 619.72656 482.09961
L 620.05078 474.31836
L 618.75391 469.7793
L 604.48828 471.23828
L 601.24609 468.96875
L 600.43555 463.45703
L 602.54297 458.91797
L 602.38086 453.24414
L 598.65234 446.27344
L 600.43555 440.92383
L 601.24609 433.46875
L 594.59961 429.74023
L 593.30273 422.93164
L 590.22266 415.47461
L 592.81641 412.23242
L 592.16797 409.47656
L 586.65625 404.61328
L 584.70312 400.32812
L 587.08789 392.28125
C 585.33104 393.42166 582.84507 392.60942 585.09375 390.625
C 586.45048 388.96494 584.91949 386.14537 586.59375 384.34375
C 586.85438 381.49086 583.98995 379.38156 582.4375 377.21875
C 578.4151 373.95841 575.76137 369.49102 573.28125 365.0625
C 570.59875 361.25793 567.51447 356.41184 569.71875 351.65625
C 570.62081 348.92155 574.76375 351.68085 574.78125 349.375
C 574.65301 347.33187 575.28263 343.58261 577.8125 345.90625
C 580.21669 344.64837 577.6163 341.50904 577.5625 339.5
C 578.19576 335.9812 572.24937 334.05815 574.90625 330.5
C 572.55393 330.4824 570.12038 330.64481 567.875 329.65625
C 564.79762 329.47122 561.78707 328.1384 558.71875 328.40625
C 555.15708 327.96275 551.97667 330.24027 548.5 329.90625
C 547.67427 332.06559 546.73092 334.33735 544.65625 335.59375
C 541.49802 338.76042 536.95921 336.48126 533.21875 337.21875
C 532.12637 339.09693 528.49965 339.5535 529 336.5625
C 526.84284 336.4677 523.4634 338.41048 522.28125 335.71875
C 522.34115 332.74962 518.39301 335.49276 517.0625 333.125
C 514.30084 333.78447 511.84133 332.50655 509.125 332.34375
C 507.4818 330.46048 504.20666 332.89031 503.5 330.125
C 503.15428 327.04772 499.45999 326.00894 497.25 327.9375
C 494.97734 328.984 494.64824 325.37665 492.375 325.1875
C 490.51955 323.51823 487.0259 324.84767 488.125 327.625
C 489.12679 329.85415 488.37392 331.83608 487.90625 333.96875
C 490.46174 335.35009 493.63061 335.35686 496.34375 336.5
C 500.67095 337.78734 500.32223 343.13065 501.1875 346.71875
C 502.42215 350.60251 500.38184 354.31226 497.90625 357.125
C 495.09917 358.10894 494.97542 361.80192 497.375 363.3125
C 500.66425 364.24509 501.248 367.88272 500.65625 370.8125
C 502.84114 373.09958 504.4245 376.04916 504.125 379.375
C 503.51423 382.50314 504.50259 385.4815 504.78125 388.5
C 506.53173 391.02892 508.88669 386.37484 509.875 388.375
C 507.88831 390.48166 512.40428 390.63238 513.09375 392.3125
C 514.60595 393.62635 514.9557 397.67197 517.53125 396.65625
C 517.97817 394.81264 517.98218 391.0227 519.625 394.65625
C 520.98862 397.03915 521.25996 398.53568 518 398
C 518.0348 399.99209 519.86079 401.24591 520.6875 402.875
C 521.49632 404.5981 525.89476 404.81663 522.78125 406.625
C 524.59234 408.80937 525.08297 411.61308 525.9375 414.25
C 526.31083 415.42177 528.16647 420.04678 528.625 417.03125
C 528.5899 413.99085 532.33061 414.75175 534.1875 415.1875
C 534.97375 416.40191 540.1363 417.54087 536.6875 417.8125
C 534.90685 416.19674 532.57274 417.7456 530.53125 417.53125
C 529.98995 420.24273 531.04752 422.75848 531.40625 425.375
C 531.62919 427.19391 531.48275 430.63355 533.0625 431.1875
C 534.29846 428.47897 536.64449 434.36848 533.375 433.5625
C 530.43054 432.55337 531.59871 436.94612 530.5625 438.53125
C 529.71631 440.79926 530.78852 443.21471 533.21875 443.6875
C 531.74092 445.42739 531.40838 447.53137 531.90625 449.78125
C 532.60969 451.8792 532.27924 455.16605 534.1875 456.34375
C 535.16592 454.48763 535.70736 451.35537 538.375 450.875
C 540.08861 450.43233 543.89079 451.49479 543.125 453.625
C 541.82128 452.00694 538.86274 451.0912 537.4375 453.1875
C 536.9239 455.55739 537.80438 457.68918 536.9375 460.03125
C 537.1561 462.25545 535.49585 465.42205 537.1875 467.0625
C 540.61046 465.91805 538.1624 470.98076 538.0625 471.53125
C 537.42783 467.62543 535.88471 472.43222 536.15625 474.09375
C 535.19177 477.8361 535.85977 482.4279 533.0625 485.40625
C 529.72909 487.54815 532.01355 486.2332 534.375 487.34375
C 536.33796 491.67163 536.74478 496.64653 536.375 501.37891
z