M 1267.7031 281.74414
L 1267.5273 292.52344
L 1271.6523 298.94336
L 1268.2148 307.19531
L 1263.6289 310.17578
L 1264.7754 321.41016
L 1257.8984 335.39453
L 1251.4785 339.29102
L 1250.1035 342.5
L 1243.9141 341.8125
L 1241.8496 346.16797
L 1248.498 354.42188
L 1244.1426 363.5918
L 1246.6641 378.03516
L 1249.416 384.22461
L 1246.2051 386.51562
L 1244.6016 393.16406
L 1240.9336 394.08203
L 1233.8262 386.51562
L 1222.3633 389.26758
L 1221.4473 396.375
L 1215.0273 393.85352
L 1206.0879 396.14453
L 1200.8145 400.27148
L 1194.3945 401.87695
L 1193.4785 406.91992
L 1194.8535 423.42578
L 1199.8965 420.44531
L 1201.7305 426.17773
L 1206.0879 425.25977
L 1206.7754 433.51367
L 1212.0469 430.99023
L 1216.6328 432.13672
L 1220.9883 431.44922
L 1221.9062 434.66016
L 1219.8418 439.93164
L 1226.9492 441.30664
L 1224.6562 445.20508
L 1226.4902 452.54102
L 1232.4512 461.02344
L 1231.5332 468.35938
L 1246.4355 467.21289
L 1257.8984 455.75
L 1263.4004 458.50195
L 1268.6738 458.50195
L 1272.1113 450.70703
L 1278.9902 447.95508
L 1283.5742 447.49805
L 1287.9297 436.49414
L 1294.5781 437.63867
L 1301.2266 443.37109
L 1301.6855 446.12109
L 1320.7129 444.97461
L 1326.6738 439.93164
L 1331.4883 432.5957
L 1340.6582 432.36719
L 1354.709 425.93164
L 1354.3848 423.25586
L 1358.5996 419.04102
L 1364.2734 419.36523
L 1370.5957 418.87891
L 1374.6484 413.5293
L 1381.2949 410.77344
L 1380.9707 403.80273
L 1386.1562 402.01953
L 1390.209 400.39844
L 1388.4258 398.29102
L 1388.4258 395.53516
L 1394.0996 392.7793
L 1404.9609 387.26758
L 1395.3965 379.97266
L 1390.5332 380.62109
L 1382.2656 377.2168
L 1377.7285 373.00195
L 1372.3789 373.32617
L 1371.7305 367.49219
L 1373.0273 362.62891
L 1375.7832 363.11523
L 1378.377 366.51953
L 1381.9434 368.14062
L 1383.7246 362.14258
L 1381.7812 358.08984
L 1381.1328 353.06445
L 1378.5391 350.95703
L 1376.4316 346.09375
L 1373.3516 344.31055
L 1373.3516 340.25781
L 1378.7012 339.28516
L 1382.752 335.88086
L 1383.0898 323.05859
C 1382.7834 321.46924 1382.4455 319.88535 1381.1816 318.65625
C 1379.7745 314.90073 1375.3422 319.16618 1373.7129 316
C 1370.259 316.2792 1368.2115 313.28388 1366.6504 310.71875
C 1364.5122 310.55659 1362.2296 310.49975 1360.5254 311.875
C 1357.742 314.59341 1354.0662 312.2617 1350.9941 311.6875
C 1347.831 313.76009 1349.8675 309.24504 1350.6191 307.8125
C 1351.1261 305.2174 1349.7066 302.3581 1348.3066 300.125
C 1348.7191 298.06574 1350.6504 296.44232 1351.1504 294.1875
C 1353.6695 291.18675 1351.0026 287.97209 1348.668 285.96484
L 1332.3379 286.92578
L 1329.9062 291.78906
L 1316.127 288.06055
L 1309.541 280.76562
C 1307.6915 282.11627 1306.4002 284.58358 1303.7129 284.375
C 1300.7769 285.0842 1297.7864 286.70533 1294.9316 284.625
C 1292.7329 283.38967 1290.2983 284.5788 1288.1504 283.0625
C 1285.8942 283.65711 1284.0666 282.59208 1282.6191 280.96875
C 1279.2987 279.31742 1275.4819 281.0635 1271.9004 281.0625
C 1270.5924 281.32625 1269.0602 281.7824 1267.7031 281.74414
z