M 1036.8223 234.72852
L 1027.7441 227.5957
L 1016.3965 231.48633
L 1009.2637 217.86914
L 986.89258 205.87305
L 980.08398 207.16992
L 972.62891 197.11914
L 945.39453 182.85352
L 936.84375 173.3125
C 939.27237 176.75771 934.88579 174.19374 934.03125 176.21875
C 933.32118 183.12705 933.7466 190.17203 932.375 197
C 931.17952 199.20856 931.00257 202.09762 933.5 203.46875
C 935.34875 204.30141 938.24104 205.1598 937.625 207.0625
C 935.23762 205.976 933.36167 207.9757 931.0625 208.125
C 929.31769 212.20994 929.81049 216.86067 928.46875 221.09375
C 928.34073 223.2261 929.65444 226.33259 931.90625 226.6875
C 934.96906 224.83946 933.98803 229.90429 936.25 228.78125
C 937.54223 230.99097 938.876 234.0897 941.5 234.75
C 944.76738 234.35277 945.80385 236.38618 942.75 236.9375
C 943.56128 238.72003 947.75225 239.92841 943.90625 240.875
C 940.64111 239.84726 937.61264 238.15505 934.5625 236.5625
C 932.5905 235.50529 931.61838 233.38192 929.0625 235.03125
C 924.15318 236.48832 922.04534 241.66984 920.6875 246.125
C 920.12652 251.54066 916.89821 256.26397 912.59375 259.40625
C 911.33237 260.26584 910.0784 261.14771 908.8125 262.00977
C 908.59463 262.15813 908.41662 262.35681 908.19922 262.50586
L 925.94336 273.83984
L 933.9668 284.72852
L 938.4375 286.79297
L 940.73047 290.91992
L 944.74219 293.32617
L 952.30664 299.05664
L 952.76562 308.91602
L 956.66211 315.33398
L 959.07031 315.9082
L 961.36328 314.30273
L 959.64258 308.57227
L 961.70703 306.50781
L 965.60352 308.68555
L 970.30273 306.39258
L 968.46875 313.27148
L 968.92773 316.36523
L 970.18945 321.86719
L 964.45703 325.65039
L 962.85352 331.26758
L 954.94336 334.01758
L 951.84766 341.46875
L 948.81055 343.24609
L 953.68359 348.46094
L 959.41406 348.00195
L 967.66602 340.66602
L 997.69922 339.51953
L 1001.3672 348.23242
L 1006.4102 351.21289
L 1015.8105 347.54492
L 1014.4336 339.97852
L 1018.1016 336.53906
L 1024.5215 339.97852
L 1028.877 338.83203
L 1033.9199 343.64648
L 1033.9199 347.54492
L 1037.1309 347.77344
L 1041.9434 354.88086
L 1053.8652 356.94336
L 1061.4297 354.65039
L 1069.2246 356.25586
L 1081.375 350.75391
L 1081.1465 345.25195
L 1087.1074 341.8125
L 1090.7754 339.75
L 1088.4824 327.59961
L 1090.5449 321.41016
L 1092.6094 315.44922
L 1089.8574 312.00977
L 1082.9805 301.92383
L 1087.1074 293.89844
L 1084.127 289.31445
L 1087.3359 283.35352
L 1090.5449 279.68555
L 1091.7754 269.74219
L 1086.5879 266.98633
L 1080.5898 266.5
L 1075.7266 263.41992
L 1066 262.44727
L 1061.623 259.5293
L 1056.7598 259.36719
L 1055.9492 255.15234
L 1047.6816 253.85547
L 1047.0332 247.69531
L 1041.0371 247.37109
L 1036.8223 243.31836
L 1038.2812 239.42773
L 1036.8223 234.72852
z