M 1060.6504 183.33984
L 1045.6348 179.95898
L 1028.3105 176.95312
L 1017.1738 169.70508
L 1009.3945 158.39258
L 1004.2676 148.66992
L 1008.5117 140.71484
L 1006.3906 128.33984
L 1000.7324 125.1582
L 990.12695 127.80859
L 987.29688 114.375
L 980.37109 92.404297
C 980.28882 92.414124 980.20739 92.428412 980.125 92.4375
C 977.7978 92.46187 975.32931 93.747218 973.21875 95.03125
C 969.22173 94.75913 966.01389 97.448207 962.28125 98.1875
C 958.51013 99.282363 954.47841 100.77141 951.78125 103.84375
C 947.15087 106.57153 945.29809 112.93598 939.5625 113.90625
C 937.65527 114.60376 934.2189 113.90025 933.6875 116.34375
C 934.93656 122.28305 938.20067 128.2266 936.625 134.4375
C 936.51529 139.48487 931.57262 142.92606 932.125 148.0625
C 932.82533 154.3656 934.17796 160.60408 933.8125 166.96875
C 933.26553 169.73654 935.13749 171.54283 936.84375 173.3125
L 945.39453 182.85352
L 972.62891 197.11914
L 980.08398 207.16992
L 986.89258 205.87305
L 1009.2637 217.86914
L 1016.3965 231.48633
L 1027.7441 227.5957
L 1036.8223 234.72852
L 1043.6309 231.48633
L 1048.168 227.5957
L 1047.6816 212.68164
L 1045.8984 210.25
L 1047.8438 205.87305
L 1050.1133 201.49609
L 1046.709 197.76758
L 1046.3848 193.06641
L 1048.3301 190.95898
L 1055.3008 190.31055
L 1060.002 187.87891
L 1060.6504 183.33984
z