M 198.07227 560.05859
L 190.60938 562.92969
C 190.70186 562.96279 190.82345 562.90495 190.90625 562.96875
C 187.9341 566.38975 183.31414 567.43657 179.375 569.34375
C 176.95844 569.52829 176.21901 571.84236 174.46875 573
C 171.66525 573.55016 172.52665 576.78147 171.65625 578.53125
C 168.91627 580.84023 173.03725 579.84886 174.375 578.9375
C 177.10002 577.58859 177.92749 578.15562 176.25 580.34375
C 178.36805 580.67546 181.47511 580.5793 181.84375 577.84375
C 182.60402 575.44125 186.13283 578.26983 186.78125 575.40625
C 186.79995 575.91675 186.59339 579.00705 189.71875 576.3125
C 189.62925 574.04961 196.16986 575.24463 192.375 575.53125
C 192.77458 577.68105 189.40383 578.10969 189.0625 579.1875
C 188.53107 580.20585 184.87653 582.62106 188.65625 581.84375
C 190.60411 583.97857 192.9677 579.76502 193.0625 582.8125
C 194.90908 583.41107 196.45552 585.65947 197.9375 583.1875
C 197.62763 584.27105 198.44737 586.22781 201.4375 585.5
C 205.87548 584.86126 202.95277 587.10661 200.28125 586.6875
C 197.76867 585.27356 196.49471 588.39409 194.21875 588.5625
C 189.81261 588.15868 193.28826 587.09519 193.84375 586.375
C 191.43389 585.94435 188.57613 585.37098 186.3125 586.71875
C 182.92825 587.28917 179.48916 590.50171 176 588.625
C 175.31925 586.07155 173.42286 585.49428 170.90625 586.21875
C 168.90185 586.59838 167.06151 587.53188 165.03125 587.96875
C 163.90706 587.45695 162.35893 583.98118 161.46875 587.5625
C 159.7246 587.76762 156.87443 584.94244 158.875 583.46875
C 158.3396 581.47156 161.42418 579.23677 160.03125 577.875
C 157.64116 578.60181 154.19494 580.18145 154.375 583.09375
C 155.31044 584.98888 156.44778 588.98579 153.1875 589.09375
C 152.09078 587.76953 148.6679 587.22417 149.125 589.59375
C 149.0384 593.25889 149.44282 591.39629 151.75 592.75
C 153.40005 595.06064 155.81025 592.44878 157.8125 593.0625
C 160.43233 594.03937 158.44652 596.88403 156.5 597.28125
C 156.73885 600.5816 160.14573 603.5785 157.96875 606.96875
C 155.95084 609.86824 160.83543 609.29464 160.65625 606.65625
C 163.12069 604.824 163.99418 601.97995 165.34375 599.375
C 164.48805 596.53888 168.73871 595.65479 170.6875 596.71875
C 173.13879 596.27558 173.41918 597.7447 175.53125 598.6875
C 176.89522 601.08949 180.16495 597.9529 180.65625 600.96875
C 181.31649 603.84997 184.34515 601.93813 186.25 602.15625
C 189.63449 603.24029 190.31643 607.2339 190.4375 610.3125
C 192.57298 610.92178 193.61929 613.03273 192.84375 615.40625
C 191.77917 617.34516 192.4293 619.47857 191.21875 621.5
C 190.13863 624.20275 187.58059 621.23725 185.6875 621.46875
C 183.87828 619.35221 181.25658 619.94934 178.96875 620.84375
C 175.79452 620.62727 173.11013 622.4552 169.96875 622.375
C 167.8516 622.74836 166.36557 625.22393 163.84375 624.21875
C 160.88641 623.07381 159.24636 626.87034 156.46875 626.1875
C 153.9225 624.78757 151.84663 626.99445 149.40625 627.28125
C 147.31503 627.87439 144.47595 626.06846 143.125 628.21875
C 141.55253 629.32122 136.92366 626.40074 138 630.1875
C 140.03452 632.58753 133.55222 632.9815 137.25 633.8125
C 139.62451 633.8573 141.12387 635.88275 143.84375 635.5
C 145.80261 636.75442 148.03522 633.94763 149.09375 636.59375
C 151.60858 636.46385 153.18421 637.71038 154.4375 639.53125
C 157.2425 641.26702 158.36483 637.7609 160.4375 636.78125
C 161.45295 637.31199 162.18482 640.04762 165.0625 639.59375
C 167.89549 642.20515 171.16435 644.27895 173.90625 647
C 176.01551 649.68697 178.21426 652.35774 179.5 655.59375
C 181.9608 659.13642 183.45751 663.24491 184.3125 667.46875
C 185.04771 669.88836 183.39163 671.30487 181.28125 671.78125
C 180.69275 673.11124 180.55462 676.8874 182.75 676.8125
C 184.91718 676.12274 186.96775 677.25769 189.09375 676.71875
C 191.11377 677.91045 193.16786 677.82344 195.46875 678.25
C 197.6757 677.0825 200.39659 678.258 202.375 676.75
C 205.2478 677.35647 206.33297 674.30268 207.71875 672.4375
C 210.32945 669.12992 203.13506 671.29281 205.5 668.6875
C 205.07453 668.36924 202.30337 665.78137 204.125 664.09375
C 204.60122 660.50317 206.98671 663.49694 207.21875 665.46875
C 208.50513 667.29688 209.85173 667.7068 211.28125 665.40625
C 215.10513 665.64066 212.41846 663.24988 212.09375 661.21875
C 210.47068 659.7602 208.68756 657.77595 209.96875 655.40625
C 211.444 653.73484 210.10908 659.07524 212.28125 659.71875
C 213.58868 661.59181 214.3079 661.6668 215.21875 663.625
C 216.60663 666.10947 219.03784 662.95242 220.6875 664.5
C 221.97139 665.66206 222.5163 669.59465 223.625 666.03125
C 222.73333 665.8775 229.227 665.23221 226.59375 667.28125
C 225.44066 667.66414 224.97475 667.8772 224.90625 667.9375
C 225.18408 667.9285 227.03103 667.40732 228.21875 666.90625
C 231.5062 666.64071 229.57601 663.70844 230.03125 661.65625
C 228.70473 659.93957 230.14495 657.87367 232.125 659.34375
C 234.37823 658.64988 234.83026 660.92018 236.25 662.25
C 236.71667 664.38153 240.33732 663.96648 239.96875 666.3125
C 236.87508 667.57598 243.87561 667.34982 241.40625 669.5625
C 241.99023 672.07973 244.7175 673.58688 246.46875 675.375
C 247.26499 677.87117 246.9956 679.22321 249.5625 677
C 251.97588 677.0808 254.03679 679.07911 256.65625 678.53125
C 259.3789 678.54855 260.37737 675.37563 263.03125 675.5625
C 264.85004 674.28454 263.87888 678.10176 266.25 678.53125
C 267.8866 680.63413 270.21534 679.50823 272.46875 679.65625
C 273.90748 682.18896 277.29782 681.49575 279.78125 681.84375
C 282.65418 681.17012 285.34626 684.58704 287.78125 682
L 286.67773 676.63281
L 288.51172 672.85156
L 288.39648 667.80664
L 293.78516 663.22266
L 297.10938 662.19141
L 296.76562 657.7207
L 293.32617 654.74023
L 291.83594 651.41602
L 292.98242 647.63281
L 296.53516 644.53906
L 294.47266 636.28516
L 294.70117 632.38867
L 297.45312 630.0957
L 301.58008 618.97656
L 306.50781 618.63281
L 312.125 615.30859
L 314.875 613.13086
L 319.80469 613.35938
L 328.28711 607.85742
L 331.72656 606.48242
L 336.31055 606.94141
L 339.40625 609.11914
L 343.76172 609.34766
L 344.56445 611.18164
L 344.33398 613.24609
L 349.26367 615.08008
L 354.07812 618.51758
L 354.88086 621.1543
L 355.33789 626.08398
L 357.28711 629.63672
L 359.23633 631.35547
L 361.75781 630.21094
L 364.2793 625.74023
L 370.00977 623.21875
L 376.94531 618.06055
L 376.6582 616.11133
L 372.41797 609.57812
L 371.61523 606.02344
L 372.30273 601.55273
L 370.58398 595.36328
L 365.99805 592.49805
L 361.64258 585.16211
L 360.72656 580.69141
L 361.41406 577.59766
L 361.75781 573.58594
L 358.54883 571.0625
L 355.33789 573.12695
L 350.06641 571.75195
L 349.60742 576.33594
L 346.39844 577.02344
L 336.76953 573.58594
L 337.82617 580.17188
L 334.3418 580.17188
L 331.58594 578.06445
L 330.69336 574.58008
L 332.64258 570.375
L 328.97461 569.22852
L 324.39062 568.54102
L 320.26367 569.45898
L 317.2832 569
L 317.2832 563.95703
L 314.53125 562.12305
L 310.63477 563.72656
L 306.04883 563.72656
L 304.67383 565.79102
L 301.00586 567.85352
L 298.25586 564.64453
L 294.81641 563.95703
L 290.00195 565.79102
L 285.64648 563.26953
L 278.53906 563.03906
L 272.12109 561.66406
L 268.22266 564.64453
L 263.4082 565.10352
L 256.30273 567.39453
L 249.19531 569.6875
L 235.66992 578.85742
L 230.39648 581.60938
L 223.74805 581.15039
L 218.01758 577.48242
L 213.66211 580.23242
L 203.80469 570.14648
L 198.07227 560.05859
z