M 790.50586 390.98828
L 793.55078 386.40234
L 793.20703 378.14844
L 790.27734 373.73047
C 787.57819 375.26136 784.59113 376.318 781.53125 377
C 779.93506 377.21814 778.33573 377.50245 776.73633 377.77344
L 781.97461 386.17188
L 790.50586 390.98828
z

M 502.40234 528.54492
L 499.30859 535.18555
L 493.46289 538.39453
L 491.05469 546.5332
L 481.19727 549.16992
L 469.96289 552.26562
L 467.32812 553.86914
L 468.01562 556.96484
L 475.81055 560.63281
L 473.97656 564.87305
L 471.79688 568.65625
L 463.77344 570.60547
L 463.66016 573.92969
L 466.64062 576.79492
L 474.20508 574.04297
L 477.98828 574.96094
L 475.69531 580.00391
L 476.1543 581.83789
L 480.50977 581.83789
L 483.14648 585.04688
L 486.35547 585.50586
L 487.50195 584.81836
L 486.92773 576.91016
L 488.76172 574.73047
L 494.95117 575.30469
L 502.28906 574.50195
L 504.23633 570.375
L 503.32031 563.72656
L 504.12305 560.51758
L 506.07031 559.14258
L 510.08203 561.89258
L 513.98047 562.81055
L 515.35547 570.375
L 519.48242 568.08398
L 524.18164 570.49023
L 524.24609 564.125
L 523.27344 556.66797
L 524.4082 553.58789
L 528.62305 549.37305
L 538.625 546.87695
L 540.11523 535.87305
L 538.96875 529.22461
L 538.07812 523.81055
C 537.11754 523.63667 536.16887 523.46346 535.23438 523.45117
C 534.08078 523.43597 532.95522 523.57572 531.9375 524.28125
C 528.6282 529.00886 522.32765 528.06494 517.3125 528.65625
C 515.29724 529.7138 511.11408 527.04424 510.9375 529.8125
C 508.92276 529.18381 506.65458 528.52221 504.375 528.875
C 503.60931 528.93168 502.97542 528.78386 502.40234 528.54492
z

m 537.53911,555.04642 -1.7021,3.24209 0.0811,3.97157 3.89051,3.89051 1.53999,-1.7021 -0.1621,-5.83577
z

m 538.59279,570.28426 -3.97156,2.02631 -4.86314,4.53893
v 2.67473
l 1.29684,1.45894 9.72628,-4.21472 0.48631,-2.43157 -0.56737,-2.51263 -1.70209,-1.37789
z

m 502.84876,601.40836 -4.13372,-2.18842 -4.94419,-1.45894 -1.29684,1.05368 0.16211,1.37789 4.13367,2.10736 2.99898,5.51156

m 482.18037,602.78625 -1.21579,-1.21579 -1.78315,0.32421 0.0811,3.32315 2.18841,3.24209 1.86421,0.81052 0.64842,-0.81052 -0.32421,-3.89051
z

m 485.26035,613.72831 -3.7284,-2.43157 -2.43157,0.56737 0.0811,2.75578 4.45788,2.18841 1.45894,-0.1621
z

m 473.66987,611.62095 -2.91788,0.72947 -1.45895,5.02525 1.7021,0.56736 2.75578,-0.97262 1.94526,-2.43157 -0.64842,-2.26947
z

m 472.61619,601.08415 -2.59368,0.24315 -1.29683,1.62105 0.48631,1.54 2.91789,0.40526 2.10736,-0.72947 0.32421,-1.7021
z

m 441.6542,617.78093 -3.80946,0.89157 -2.51263,-0.3242 -0.72947,2.18841 0.16211,3.48525 2.10736,1.62105 2.75578,-1.86421 2.35052,-4.29577
z

m 450.56995,582.03685 -3.89051,1.53999 -0.72947,2.10736 1.94526,1.37789 4.13367,0.40526 1.05368,-1.45894 -1.29684,-2.02631
z

m 455.02783,566.39375 -2.51262,1.53999 -0.56737,2.75578 1.21579,2.83683 2.99893,-0.56736 -1.13473,-3.64736 0.24316,-2.43157
z

m 462.32254,559.09904 -2.91788,0.89157 -0.97263,5.59261 2.43157,2.10736 4.45788,-2.26946 -1.29684,-3.4042
z

m 416.04166,576.76845 -2.26947,1.70209 -0.24316,4.9442 -3.48525,5.91682 0.64842,1.53999 2.67473,-0.1621 5.59261,-8.91576
z

m 461.75518,548.40013 -2.35052,1.7021 -1.62105,2.59367 2.75578,1.37789 3.16104,-0.1621
z

m 416.04166,576.76845 -2.26947,1.70209 -0.24316,4.9442 -3.48525,5.91682 0.64842,1.53999 2.67473,-0.1621 5.59261,-8.91576
z

m 404.93749,569.14953 -2.35052,2.10736 0.1621,2.83683 4.13367,-0.32421 0.0811,-2.02631
z

m 415.6364,569.31163 -2.83684,0.32421 -0.81052,2.18841 0.97263,1.54 5.75471,-0.16211 -0.0811,-1.8642
z

m 406.96379,556.58641 -2.83683,-0.0811 -0.97262,1.54 0.64841,6.40313 3.16104,-0.0811 1.62105,-1.13474
z

m 438.73631,549.53486 -2.59367,-0.16211 -1.62105,1.78316 0.64842,5.10629 2.26946,-0.64841 1.54,-1.54 0.97263,-3.5663
z

m 353.90297,530.89585 1.97929,-1.75933
h 2.43157
l 1.53999,2.35052 0.0811,4.29577 -1.69216,2.47993

m 347.8357,520.80324 1.72448,-3.0951 3.32314,-0.1621 2.18842,2.67473 -0.97263,5.2684 -1.56377,2.70741

m 366.74327,508.22502 -5.75471,8.6726 -1.37789,3.32315 1.05368,2.67472 3.80946,-0.40526 2.75578,-4.45788 4.29577,-4.53893

m 358.71909,498.25558 -3.4042,7.94313 -5.02524,6.32208 3.64735,0.89158 2.83683,-1.45894 8.59155,-7.86208

m 332.70516,570.32138 -1.94913,4.20445 0.89158,3.48525 2.75578,2.10736
h 3.48525
l -1.05697,-6.58755

m 338.37495,551.99328 -4.78208,1.21579 -4.37683,0.56736 -0.0811,2.26947 2.43157,1.78315
h 3.89051
l 2.02631,-1.21578 1.45894,-2.59368
z

m 286.27686,530.56861 -2.35052,1.37789 0.48632,7.78103 2.59367,1.62104 2.83683,-0.40526 0.81053,-2.59367 -1.21579,-6.24103
z

m 264.63589,526.11073 -6.72735,-0.32421 -0.64842,3.32315 2.51263,6.64629 6.48418,-1.29684 1.86421,-2.59367 -1.54,-3.64736
z

m 294.5442,508.52238 -1.8642,1.7021 -0.16211,6.15997 1.54,1.45894 1.8642,-1.53999
v -7.05155
z

m 301.02839,492.1498 -4.9442,4.37683 -1.21578,5.1063 5.34945,2.83683 1.7021,-1.45894 1.37789,-5.43051 0.40526,-5.59261

m 308.34728,487.50459 1.94863,7.10677 4.58501,-0.57313 -2.06325,-8.88346

m 246.31245,525.53125 -5.10069,5.60473 -0.89157,3.80946 4.78208,2.18841 3.84999,-1.90473