M 600.11133 801.6875
L 598.16602 796.0957
L 593.30273 796.0957
L 590.54688 788.31445
L 591.19531 782.80273
L 588.27734 780.37109
L 589.08789 776.64258
L 592.33008 773.40234
L 592.81641 768.05273
L 589.73633 764.32422
L 588.76367 759.46094
L 592.16797 757.19141
L 599.94922 754.92188
L 608.86523 754.59766
L 615.51172 753.78711
L 617.78125 751.35547
L 617.13281 747.14062
L 612.26953 738.71094
L 612.43164 732.38867
L 610.48633 730.11914
L 605.29883 729.95703
L 599.13867 721.68945
L 600.11133 717.15039
L 605.62305 715.5293
L 606.91992 711.96289
L 601.24609 710.50391
L 595.73438 707.91016
L 590.87109 709.04492
L 586.00781 700.61719
L 586.81836 695.5918
L 582.76562 693.64648
L 580.98242 688.94531
L 575.63281 689.43164
L 573.81445 685.68945
L 554.90039 681.21875
L 552.95312 677.89453
L 552.37891 671.93359
L 545.27344 670.78711
L 543.32422 676.06055
L 540.11523 678.69727
L 527.96484 684.08398
L 519.36719 685.11523
L 507.44531 684.88672
L 500.10938 683.16602
L 502.36328 687.48633
L 500.9043 692.34961
L 495.87891 696.72656
L 491.82617 698.02344
L 489.23242 700.45508
L 476.75 701.58984
L 475.45312 704.3457
L 470.91406 705.64258
L 469.61719 708.88281
L 469.94141 711.80078
L 467.02344 714.71875
L 466.05078 718.44727
L 460.86328 718.12305
L 455.35156 719.0957
L 450.16406 718.28516
L 445.78711 721.52734
L 443.67969 727.03906
L 441.08594 727.84961
L 438.65625 731.25391
L 433.88867 731.31445
C 435.81306 731.76013 433.47809 732.54471 431.53125 731.71875
C 429.98128 733.85076 427.75739 732.00771 425.625 732.375
C 423.52387 734.12576 421.71923 731.99679 419.40625 732.46875
C 417.41349 734.39137 420.87644 736.59872 419.4375 738.59375
C 418.37558 740.65794 420.73632 743.33454 422.4375 741.125
C 425.20489 740.23275 425.301 743.69896 424.125 745.21875
C 425.31456 748.02555 428.35746 745.23955 430.15625 746.875
C 433.04796 746.49818 430.76913 751.66714 429.5 749.0625
C 427.17473 747.62453 426.30896 750.28244 425.21875 751.53125
C 426.13346 748.89631 422.88176 749.33847 421.96875 747.3125
C 419.60427 748.54717 417.70175 750.37781 415.6875 752.21875
C 414.68545 753.70644 410.45246 753.12626 411.34375 755.1875
C 415.20265 755.1473 418.67282 759.19605 417.8125 763
C 416.14085 766.71815 420.62749 765.19791 419 762.5625
C 418.68164 759.31336 420.74801 763.16516 422.53125 763.28125
C 424.44361 764.27458 424.88064 766.40541 425.9375 768.03125
C 426.11546 771.82529 421.37356 771.30155 418.875 770.65625
C 417.25695 769.57172 416.12006 767.17422 413.71875 767.875
C 410.53198 769.05681 414.91163 770.4899 416.3125 770.9375
C 419.21124 772.98572 422.89645 773.39003 425.6875 775.5
C 429.32647 777.05535 426.38656 772.25941 428.96875 771.84375
C 432.54029 771.79095 437.41003 772.54311 438.59375 776.5625
C 440.73622 777.46397 442.10924 779.54612 444.4375 780
C 447.27619 780.0296 448.50522 777.26316 450.65625 776.1875
C 453.02896 776.40843 453.61429 773.8115 455.9375 773.8125
C 457.82801 772.88206 458.19051 770.21376 458.9375 768.40625
C 460.21925 767.0577 462.99932 765.61766 464.625 767
C 467.2227 766.60704 469.85458 766.8086 472.46875 766.75
C 475.14619 765.48504 478.266 764.22883 481.15625 765.625
C 482.37198 767.40753 485.51166 766.4975 485.9375 768.71875
C 487.49451 771.20669 490.12244 768.72275 491.46875 769.59375
C 495.61842 770.53094 498.73983 773.46894 501.46875 776.53125
C 503.49034 779.80821 506.12998 782.78875 510 783.78125
C 511.07345 784.94183 516.21041 784.45994 514.5625 785.6875
C 511.13627 785.6895 506.6699 786.30791 504.25 783.34375
C 503.18666 779.73606 498.95343 780.92904 496.5625 779
C 494.36273 778.21426 492.00884 776.54551 491.28125 774.4375
C 494.07064 774.394 493.72998 773.93092 491.3125 772.3125
C 487.49942 769.84169 490.61408 773.64651 488.03125 773.5
C 486.05721 771.71122 483.42416 772.99655 481.15625 772.0625
C 479.72248 770.94999 477.97583 767.97638 476.28125 770.5
C 472.30705 773.52131 466.5915 771.47073 462.3125 773.625
C 459.24289 773.76937 460.32799 777.22398 459.875 779.25
C 458.09305 781.16653 459.99903 783.02826 461.03125 784.71875
C 461.83023 787.62367 461.56385 791.344 459.9375 793.96875
C 457.79152 795.05986 454.61138 793.60992 453.125 796.28125
C 451.37337 798.03611 449.17787 798.88142 453 799.21875
C 454.09968 801.6861 456.96539 799.44626 458.9375 800.5
C 461.26642 801.63441 463.71588 802.41691 466.40625 802.0625
C 469.42443 803.90544 473.38775 804.26709 475.65625 807.21875
C 479.06597 809.74416 481.60606 813.34447 482.92773 817.35547
C 482.94763 817.41567 482.9807 817.47083 483 817.53125
C 482.05878 819.26982 479.27211 819.23518 478.90625 821.625
C 477.35255 823.09738 477.44898 825.19185 476.625 827.09375
C 476.633 827.67608 476.52101 828.27494 476.48828 828.88672
L 483.39648 829.16602
L 489.39453 823.33008
L 489.88086 830.30078
L 493.77148 832.4082
L 496.36523 834.67773
L 502.6875 832.73242
L 504.14648 836.62305
L 505.60352 837.43359
L 509.16992 835.16406
L 513.54688 841.32422
L 520.19336 841.81055
L 526.0293 837.10938
L 527.65039 833.38086
L 530.89258 832.57031
L 532.51367 829.81445
L 531.86523 824.62695
L 534.62109 819.27734
L 539.32227 811.82031
L 544.50977 810.19922
L 544.18555 815.22461
L 546.13086 816.52148
L 545.1582 819.92578
L 544.99609 825.27539
L 549.04883 830.13867
L 547.75195 834.35352
L 551.64258 837.75781
L 557.80273 834.67773
L 560.55859 829.32812
L 559.91016 819.27734
L 559.91016 815.54883
L 561.69336 811.33398
L 564.61133 811.00977
L 566.88086 814.25195
L 570.77148 813.92773
L 576.28125 814.73828
L 580.82031 818.79102
L 587.62891 808.90234
L 587.4668 804.52539
L 588.76367 801.93164
L 595.24805 801.44531
L 600.11133 801.6875
z

M 494.69727 773.33789
C 494.62477 773.38149 494.73217 773.5442 495.14844 773.88477
C 496.17074 776.16565 498.20578 777.57472 500.31055 778.82617
C 500.24175 776.90965 497.91262 775.98638 496.70898 774.69141
C 496.75098 774.16084 494.91488 773.20716 494.69727 773.33789
z