M 351.35938 489.57617
C 351.1851 489.5791 350.99319 489.59512 350.78125 489.625
C 348.92041 491.41197 346.59874 488.12547 345.28125 490.53125
C 343.6712 492.56433 344.09165 495.45354 342.59375 497.375
C 342.33854 499.50438 340.17335 500.11848 339.5 502.0625
C 339.2631 502.27831 339.12527 502.25682 339.02734 502.15039
L 338.37305 503.49219
L 338.25977 512.83398
L 345.25195 517.76172
L 347.77344 520.85742
L 349.49805 517.76172
L 352.82031 517.59961
L 355.00977 520.27539
L 354.03711 525.54297
L 352.47266 528.25
L 353.83984 530.94922
L 355.82031 529.19141
L 358.25195 529.19141
L 359.79102 531.54102
L 359.87305 535.83789
L 358.17969 538.31641
L 359.34961 540.22852
L 360.26758 544.24023
L 359.00586 547.45117
L 361.18359 550.77539
L 361.29883 553.41016
L 359.23633 556.04688
L 360.26758 559.25781
L 358.43359 566.25
L 358.54883 571.0625
L 361.75781 573.58594
L 361.41406 577.59766
L 360.72656 580.69141
L 361.64258 585.16211
L 365.99805 592.49805
L 370.58398 595.36328
L 372.30273 601.55273
L 371.61523 606.02344
L 372.41797 609.57812
L 376.6582 616.11133
L 376.94531 618.06055
L 377.23242 620.00781
L 382.96289 629.75195
L 389.38281 638.69141
L 393.73828 642.70508
L 398.78125 644.88281
L 397.97852 642.01562
L 399.58398 638.34766
L 406.11719 635.48242
L 411.39062 630.32422
L 415.40234 623.79102
L 415.05859 620.35156
L 411.61914 616.45508
L 412.19336 612.67188
L 416.31836 609.34766
L 428.24023 603.27344
L 432.71094 604.76367
L 435.80469 603.50195
L 436.14844 601.20898
L 434.20117 600.75195
L 430.18945 600.75195
L 429.61523 599.03125
L 435.11719 587.45508
L 440.39062 584.58984
L 441.99609 581.26562
L 440.50586 575.99219
L 438.55664 569.6875
L 441.07812 557.88086
L 446.69531 555.01562
L 450.24805 547.45117
L 454.375 536.44727
L 454.46875 534.28711
C 454.21803 533.52952 454.11667 531.98657 453.125 531.3125
C 454.08289 528.33613 449.80622 528.98449 450.34375 526.46875
C 450.17511 525.09925 450.49809 521.25937 448.8125 522.15625
C 446.50755 524.22522 443.33391 525.15145 441.75 527.9375
C 439.97487 528.57212 438.60355 525.30246 440.875 524.40625
C 443.43984 523.36025 442.91534 520.22849 444.78125 518.53125
C 444.96319 517.01591 440.47354 517.45612 441.59375 514.15625
C 439.08174 513.58172 441.01029 518.19865 438.34375 518.21875
C 436.37708 519.41768 433.9232 519.72235 432.4375 521.5625
C 430.63693 521.96515 428.71475 525.85725 428.71875 522.03125
C 427.76728 519.8831 424.31079 521.39783 422.40625 521.59375
C 418.9829 521.47901 419.64642 523.83355 422.59375 524.03125
C 422.0955 526.69763 419.09261 527.62535 417.25 529.25
C 415.69914 530.90429 413.51304 531.41111 411.4375 531.15625
C 409.62586 532.95869 408.13337 535.28319 406.25 537.125
C 405.56365 539.71829 402.46935 540.32954 401.375 542.5625
C 400.03459 545.06344 397.60648 542.79431 396.0625 542.1875
C 393.54891 543.2103 395.79082 546.51794 394.5625 548.5
C 393.49789 548.25882 392.32612 545.369 390.71875 544.75
C 390.11309 542.19967 387.67863 543.6811 390 540.9375
C 390.40599 538.63575 389.50402 537.99134 386.84375 537.40625
C 384.60928 537.11372 383.94837 535.06325 382.65625 533.6875
C 380.79536 532.93172 378.47703 532.20514 377.25 530.6875
C 379.30217 528.78133 377.1846 526.64176 377.0625 524.46875
C 377.80473 522.06412 376.44085 520.41163 374.625 519.1875
C 374.08005 516.39421 370.76812 517.4008 369.22656 515.91016
L 367.16797 518.08594
L 364.41211 522.54492
L 360.60156 522.94922
L 359.54883 520.27539
L 360.92578 516.95117
L 365.08789 510.67969
C 363.81418 509.70919 363.15931 508.11591 361.94531 507.21875
L 356.71094 512.00781
L 353.875 513.4668
L 350.22656 512.57422
L 355.25195 506.25195
L 357.72266 500.48633
C 355.58447 499.91185 353.2737 499.73564 351.3125 498.6875
C 350.80179 496.12515 353.10568 497.30087 349.125 496.875
C 348.88205 495.83871 351.92329 494.04914 353.3125 493.5625
C 352.55641 492.37029 353.97344 489.53231 351.35938 489.57617
z