M 499.99609 511.06055
C 499.17407 511.02623 497.14814 513.11771 495.90625 512.875
C 494.13467 514.12876 491.93051 513.16578 490.03125 512.625
C 486.30729 513.03212 490.25974 514.94815 487.34375 514.96875
C 486.00569 514.30878 481.05956 514.14255 482.84375 516.5625
C 483.13162 519.79683 479.27846 519.77487 477.1875 520.8125
C 478.05691 522.92559 477.6968 523.77847 478.8125 525.78125
C 479.98423 527.44607 479.65593 529.70317 481.15625 530.90625
C 481.6059 532.91711 485.13816 530.44242 485.625 533.34375
C 488.08738 535.54574 485.5838 536.29281 483.96875 534.0625
C 482.13489 534.39421 484.57525 537.71768 484.53125 539.09375
C 488.59547 538.09747 483.5835 543.17788 487.46875 542.34375
C 490.28477 544.01664 485.42965 544.41367 485 545.875
C 482.85456 548.69135 483.18573 543.94239 484.46875 542.71875
C 483.42773 541.17295 482.17427 539.88118 481.21875 538.15625
C 478.68303 536.66954 482.56805 533.8582 479.375 533.53125
C 478.33698 531.8842 477.71172 529.76106 477.46875 527.90625
C 478.85434 524.53562 473.36786 526.58766 474.9375 523.125
C 472.75682 521.98022 470.20381 524.43797 468.03125 522.84375
C 466.93053 522.96475 464.4619 524.04636 462.75 524.625
C 461.44801 525.77076 464.39707 527.87837 465.03125 529.21875
C 463.51216 528.53738 461.98182 525.85977 460.8125 528.90625
C 457.90768 530.74557 461.88964 532.26364 460.15625 533.75
C 457.78247 536.32238 456.88963 532.18589 457.46875 530.3125
C 455.91775 526.60933 456.81617 532.35136 455.90625 533.59375
C 454.94602 535.03615 454.66653 534.88474 454.46875 534.28711
L 454.375 536.44727
L 450.24805 547.45117
L 446.69531 555.01562
L 441.07812 557.88086
L 438.55664 569.6875
L 440.50586 575.99219
L 441.99609 581.26562
L 440.39062 584.58984
L 435.11719 587.45508
L 429.61523 599.03125
L 430.18945 600.75195
L 434.20117 600.75195
L 436.14844 601.20898
L 435.80469 603.50195
L 432.71094 604.76367
L 428.24023 603.27344
L 416.31836 609.34766
L 412.19336 612.67188
L 411.61914 616.45508
L 415.05859 620.35156
L 415.40234 623.79102
L 411.39062 630.32422
L 406.11719 635.48242
L 399.58398 638.34766
L 397.97852 642.01562
L 398.78125 644.88281
L 400.27148 648.32031
L 404.74219 651.875
L 409.90039 653.01953
L 413.22461 655.08398
L 417.00781 658.98047
L 421.13281 660.01172
L 424.6875 664.94141
L 426.29102 668.83789
L 430.5332 669.75586
L 444.05859 668.15039
L 452.31055 669.64062
L 456.4375 669.75586
L 464.00391 669.18164
L 468.70312 670.78711
L 471.91211 673.65234
L 474.20508 679.26953
L 476.95508 684.3125
L 480.62305 687.98047
L 487.50195 688.32422
L 493.23242 687.4082
L 500.10938 683.16602
L 499.44531 679.86719
L 500.58008 677.43555
L 505.76758 675.16602
L 508.03516 671.11328
L 507.54883 664.30469
L 510.30469 658.79297
L 510.14258 654.0918
L 512.57422 650.6875
L 512.08789 647.93164
L 508.19727 643.06836
L 506.90234 638.04492
L 502.6875 635.28906
L 500.58008 632.37109
L 494.74414 630.91211
L 491.17773 627.99414
L 489.71875 624.42773
L 491.82617 620.21289
L 496.68945 614.21484
L 499.76953 607.81055
L 496.76953 602.30078
L 492.63672 600.19336
L 492.47461 598.81445
L 493.77148 597.76172
L 498.71484 599.2207
L 502.84961 601.4082
L 504.30859 596.70703
L 501.22852 593.14062
L 501.71484 589.57422
L 504.30859 587.79102
L 506.41602 581.95508
L 514.68164 582.11719
L 520.51758 579.52344
L 522.94922 576.28125
L 524.18164 570.49023
L 519.48242 568.08398
L 515.35547 570.375
L 513.98047 562.81055
L 510.08203 561.89258
L 506.07031 559.14258
L 504.12305 560.51758
L 503.32031 563.72656
L 504.23633 570.375
L 502.28906 574.50195
L 494.95117 575.30469
L 488.76172 574.73047
L 486.92773 576.91016
L 487.50195 584.81836
L 486.35547 585.50586
L 483.14648 585.04688
L 480.50977 581.83789
L 476.1543 581.83789
L 475.69531 580.00391
L 477.98828 574.96094
L 474.20508 574.04297
L 466.64062 576.79492
L 463.66016 573.92969
L 463.77344 570.60547
L 471.79688 568.65625
L 473.97656 564.87305
L 475.81055 560.63281
L 468.01562 556.96484
L 467.32812 553.86914
L 469.96289 552.26562
L 481.19727 549.16992
L 491.05469 546.5332
L 493.46289 538.39453
L 499.30859 535.18555
L 502.40234 528.54492
C 500.12946 527.59728 499.15837 524.70957 498.03125 522.59375
C 497.15331 521.01124 498.15054 517.78628 499.6875 516.9375
C 502.19883 516.15209 501.32025 513.62188 500.34375 511.96875
C 500.41118 511.31977 500.2701 511.07199 499.99609 511.06055
z