m 342.71094,480.63672
c -1.02217,0.0888 -3.01035,1.96082 -4.14844,1.86328 -1.00025,2.4445 -3.17169,0.83688 -4.5,2.4375 -1.04487,2.06206 -4.22895,1.06562 -3.625,4.34375 -0.0923,3.10921 -4.51791,3.02343 -4.34375,6.0625 -0.36698,-2.348 2.19447,-4.3344 2.09375,-6.875 0.36828,-2.28677 -1.97432,-3.42157 -0.65625,-5.96875 -0.75915,-2.66309 -3.71373,0.0142 -4.25,1.625 -0.84006,1.87553 -2.0287,3.8519 -3.78125,2.28125 -1.13808,3.04139 -4.43727,-0.86919 -6.5,1.09375 -1.59061,2.02189 -4.3079,1.35175 -6.28125,2.5 -0.94507,1.90056 -2.10039,3.7045 -4.75,3.625 -3.82565,1.1051 -1.29808,-2.4738 -1.4375,-3.4375 -2.07221,1.06724 -3.95194,-0.17834 -5.125,-1.9375 -1.66097,-3.62464 -1.32452,1.86035 -3.34375,-0.3125 -1.4987,1.22396 -3.004,-1.88536 -3.90625,1.5625 -2.58105,-0.99581 -2.45799,2.38598 -1.6875,3.53125 -0.6669,2.86035 -4.20627,0.76802 -5.125,2.84375 -0.56065,1.66399 -1.36209,5.53913 1.4375,4.65625 1.96755,1.0195 1.90026,3.83783 3.5,4.75 1.75155,0.99383 -3.25288,0.86844 -4.3125,1.40625 -2.41546,0.64384 -0.82375,4.34415 -0.84375,6.28125 2.8035,1.59963 -0.55196,5.61 -2.84375,3.65625 -1.19872,-2.86344 -2.74206,-1.53952 -4.65625,-0.75 -2.39372,-0.80797 1.57015,-4.87057 -2.125,-3.03125 -2.25432,1.76606 -4.45762,-0.3951 -6.84375,-0.6875 -1.16807,-2.53962 -4.61987,-2.50593 -7,-2.3125 -1.81433,1.63765 -3.54919,-0.45643 -4.9375,-1.53125 -1.83635,-0.70359 -0.72262,3.34769 -3.4375,1.15625 -0.0337,2.19342 -2.19759,3.25629 -1.75,5.375 2.01635,2.03472 -0.39273,5.24527 -0.96875,1.34375 -2.24184,-1.69636 0.1402,2.44064 0.0625,3.90625 0.23574,0.43824 1.35942,5.45833 -0.11523,5.41992
l 1.10546,5.29883 2.67383,8.83398 0.40625,3.08008 -2.35156,2.34961 0.64844,5.10742 0.24414,8.91602 7.0664,8.29492 7.10547,-2.29101 4.81446,-0.45899 3.89843,-2.98047 6.41797,1.375 7.10742,0.23047 4.35547,2.52149 4.81446,-1.83399 3.43945,0.6875 2.75,3.20899 3.66797,-2.0625 1.375,-2.06446
h 4.58594
l 3.89648,-1.60351 2.75195,1.83398
V 569
l 2.98047,0.45898 4.12695,-0.91796 4.58399,0.6875 3.66797,1.14648 4.12695,3.21094 9.62891,3.4375 3.20898,-0.6875 0.45899,-4.58399 5.27148,1.375 3.21094,-2.06445 -0.11524,-4.8125 1.83399,-6.99219 -1.03125,-3.21093 2.0625,-2.63672 -0.11524,-2.63477 -2.17773,-3.32422 1.26172,-3.21094 -0.91797,-4.01171 -4.69922,-7.67969 -4.35547,-8.59571 -5.04297,-6.1914 -6.99218,-4.92774 0.11328,-9.34179 0.65429,-1.3418
c -0.46796,-0.50864 0.4941,-4.01003 1.66016,-4.49414 2.6938,-0.99629 1.83046,-3.98292 2.875,-5.96875 2.52587,-1.91389 -1.21187,-3.35441 0.0937,-4.84375 0.78117,-1.88294 0.20832,-4.19086 -0.3125,-5.5625 -0.0588,-0.50563 -0.29209,-0.67414 -0.63281,-0.64453
z

m 12.49804,1.44531
c -0.17143,0.0229 -0.34533,0.12809 -0.54687,0.36719 -2.49619,0.52563 -1.13566,1.9617 -1.30664,4.08203 1.9757,1.43336 1.84751,-3.18685 2.80273,-4.12305 -0.38513,-0.17437 -0.6635,-0.36432 -0.94922,-0.32617
z