M 433.88867 731.31445
L 438.65625 731.25391
L 441.08594 727.84961
L 443.67969 727.03906
L 445.78711 721.52734
L 450.16406 718.28516
L 455.35156 719.0957
L 460.86328 718.12305
L 466.05078 718.44727
L 467.02344 714.71875
L 469.94141 711.80078
L 469.61719 708.88281
L 470.91406 705.64258
L 475.45312 704.3457
L 476.75 701.58984
L 489.23242 700.45508
L 491.82617 698.02344
L 495.87891 696.72656
L 500.9043 692.34961
L 502.36328 687.48633
L 500.10938 683.16602
L 493.23242 687.4082
L 487.50195 688.32422
L 480.62305 687.98047
L 476.95508 684.3125
L 474.20508 679.26953
L 471.91211 673.65234
L 468.70312 670.78711
L 464.00391 669.18164
L 456.4375 669.75586
L 452.31055 669.64062
L 444.05859 668.15039
L 430.5332 669.75586
L 426.29102 668.83789
L 424.6875 664.94141
L 421.13281 660.01172
L 417.00781 658.98047
L 413.22461 655.08398
L 409.90039 653.01953
L 404.74219 651.875
L 400.27148 648.32031
L 398.78125 644.88281
L 393.73828 642.70508
L 389.38281 638.69141
L 382.96289 629.75195
L 377.23242 620.00781
L 376.94531 618.06055
L 370.00977 623.21875
L 364.2793 625.74023
L 361.75781 630.21094
L 359.23633 631.35547
L 357.28711 629.63672
L 355.33789 626.08398
L 354.88086 621.1543
L 354.07812 618.51758
L 349.26367 615.08008
L 344.33398 613.24609
L 344.56445 611.18164
L 343.76172 609.34766
L 339.40625 609.11914
L 336.31055 606.94141
L 331.72656 606.48242
L 328.28711 607.85742
L 319.80469 613.35938
L 314.875 613.13086
L 312.125 615.30859
L 306.50781 618.63281
L 301.58008 618.97656
L 297.45312 630.0957
L 294.70117 632.38867
L 294.47266 636.28516
L 296.53516 644.53906
L 292.98242 647.63281
L 291.83594 651.41602
L 293.32617 654.74023
L 296.76562 657.7207
L 297.10938 662.19141
L 293.78516 663.22266
L 288.39648 667.80664
L 288.51172 672.85156
L 286.67773 676.63281
L 287.78125 682
C 288.46784 684.0497 290.42483 684.97457 291.3125 686.90625
C 291.94619 689.58234 293.21549 692.15164 295.40625 693.78125
C 296.49717 696.00596 298.78406 695.48057 300.65625 694.5625
C 303.23246 694.90047 307.20391 695.44765 307.96875 692.1875
C 308.87562 689.31879 303.01621 689.45407 305.46875 688.59375
C 307.78593 689.3525 309.54828 689.34249 310.625 686.90625
C 313.1581 686.65931 313.43872 684.17342 314.875 683.5625
C 316.34388 683.497 318.52225 679.10059 318.59375 681.34375
C 316.51291 682.277 316.66153 684.84913 315.6875 686.71875
C 314.60235 688.49337 312.63996 689.37142 311.0625 690.03125
C 312.95687 692.37777 307.89555 693.37927 310.15625 694.46875
C 311.96875 693.02864 314.78065 694.02565 316.5625 695.15625
C 319.04681 695.64271 318.8657 699.18026 316.4375 696.8125
C 314.61241 695.09269 312.20838 696.27354 309.96875 696.09375
C 308.39354 698.02674 313.03973 695.8524 314.375 696.4375
C 317.86978 698.70072 322.73402 699.33525 325.03125 703.125
C 326.41945 706.31603 328.72908 703.34593 327.5625 701.09375
C 329.05477 699.65249 330.38008 698.31301 328.3125 696.4375
C 331.489 698.74878 329.57942 694.19112 332.125 694.53125
C 335.23203 695.68706 332.88577 691.30836 333.28125 689.6875
C 332.24729 688.9686 328.52571 686.68765 332 687.09375
C 333.8506 688.54406 335.97108 689.14309 336.4375 686.25
C 338.26588 686.79786 335.24842 690.90284 337.53125 691.25
C 339.9957 688.77294 339.75014 692.19674 339.40625 694.1875
C 341.34675 697.1604 337.644 694.91832 336.46875 697.03125
C 335.14858 699.2482 332.44378 697.96087 330.9375 699.5625
C 328.46524 700.6788 329.1338 702.92999 329.1875 705.03125
C 327.51767 707.63968 331.14222 709.15058 332.90625 710.34375
C 335.97199 711.65397 336.83684 715.21477 337.71875 718.15625
C 337.60055 721.05063 338.30304 725.02494 335.625 726.9375
C 335.5441 729.74365 337.23267 732.59899 337.34375 735.53125
C 337.89129 737.02667 340.3 736.21311 341.96875 737.21875
C 344.76826 737.60018 341.82018 734.63606 340.5625 733.84375
C 338.52755 732.63262 339.83822 730.34876 338.71875 728.59375
C 337.6552 725.84835 338.13755 722.32244 338.875 719.5
C 339.8229 717.98548 336.49066 714.61911 339.25 714.21875
C 339.81865 715.73409 344.66138 716.56712 341.625 717.46875
C 340.41341 719.68867 345.04752 718.82962 346.4375 718.40625
C 348.26137 717.51827 349.91102 716.89654 351.84375 718.34375
C 352.61749 716.8791 350.03704 713.26703 352.40625 712.40625
C 353.6064 714.12111 352.86788 716.59957 354.09375 718.375
C 357.47953 720.57073 354.3836 715.20929 355.78125 715.5
C 357.07139 716.92365 359.25877 718.01408 358.40625 720.28125
C 360.33589 718.80245 361.24294 721.73222 362.90625 720.65625
C 362.33747 718.39253 360.35108 716.66549 359.09375 714.8125
C 358.57069 712.64163 359.57654 711.03086 359.6875 708.90625
C 359.02503 706.98923 356.77691 705.62718 357.5 703.375
C 359.35544 704.00106 359.19843 706.85303 360.8125 707.875
C 364.64627 707.48797 359.85463 709.75611 361.78125 712.09375
C 362.18896 715.89587 362.79005 712.32734 364.9375 712.84375
C 364.9067 716.51416 364.83624 713.48618 366.8125 715.5
C 370.33991 717.70329 367.97185 711.90147 370.5625 713
C 373.33576 714.59733 372.44895 710.70024 373.125 709.34375
C 375.10166 709.35545 377.34556 710.35882 379.28125 709.125
C 381.6639 710.36296 383.84027 708.25568 381.34375 706.5
C 382.65973 707.45661 385.36748 706.78761 385.90625 707.21875
C 385.64496 708.97412 390.05485 711.40524 386.4375 709.96875
C 384.40299 708.38213 381.72003 709.5698 385.09375 710.75
C 386.63566 712.41943 388.60115 712.83649 390.46875 713.75
C 389.55488 716.31234 393.88356 713.02325 391.0625 712.1875
C 390.70025 710.22816 394.67106 712.1795 392.65625 708.8125
C 389.59085 706.96891 393.88258 706.28845 393.75 709.28125
C 395.62045 710.78063 394.37781 713.30466 393.875 715.0625
C 392.00573 716.83284 391.10976 716.58927 390.59375 718.78125
C 388.3135 719.65094 390.34292 722.22844 388.3125 722.96875
C 387.92659 725.24679 384.63334 723.2912 382.90625 723.5625
C 382.53124 719.6175 379.53225 725.27303 379.53125 722.3125
C 377.68521 718.28272 378.80109 725.71924 376.65625 723.03125
C 373.78941 722.26181 373.39116 725.34316 372.6875 721.625
C 370.95937 720.06174 369.13116 720.83933 367.21875 720.28125
C 364.17896 720.26395 365.85456 724.33287 368 723.625
C 367.15155 725.17212 371.62777 724.56532 372.28125 726.75
C 374.27753 728.04936 373.78363 730.62904 374.9375 732.375
C 376.86745 733.05243 379.19224 734.43005 381.15625 733.9375
C 382.62429 731.49305 385.46809 731.9669 387.875 731.46875
C 390.45179 729.49691 392.89269 732.70556 395.4375 732.53125
C 396.90817 731.1499 397.17979 728.50376 396.75 727.28125
C 398.32624 728.26356 402.11498 729.56802 402.53125 726.9375
C 399.80554 725.36141 401.45547 724.29816 404.03125 725.25
C 405.62683 726.01912 409.08853 721.85857 407.8125 724.75
C 407.23726 726.89173 403.92658 726.43814 403.78125 728.5
C 401.80633 729.58717 400.96101 731.27417 404.0625 729.8125
C 406.20265 726.98874 410.3929 730.29943 412.53125 727.8125
C 414.63064 726.10471 417.44122 726.66703 419.09375 728.625
C 422.32864 728.09229 424.02466 731.5211 427.09375 731.4375
C 429.28707 732.90906 431.2301 729.17622 433 731.125
C 433.50074 731.16871 433.60381 731.24848 433.88867 731.31445
z

M 336.62695 692.89258
C 336.31187 692.89303 336.73782 694.93658 336.04883 695.24414
C 333.09973 697.00839 340.42993 695.12469 337.25781 693.71289
C 336.91925 693.1189 336.73198 692.89243 336.62695 692.89258
z

M 375.13281 712.92578
C 374.55208 712.96068 372.91408 715.70822 373.35156 716.80273
C 372.15069 720.05863 374.54089 720.27217 373.9082 717.23438
C 373.56504 714.42098 379.20809 716.13164 375.58008 714.11914
L 375.24414 713.95703
C 375.40166 713.20409 375.32634 712.91416 375.13281 712.92578
z

m 291.01562,704.04688
c -2.23786,0.077 0.37251,2.74112 1.68165,3.51953 1.87456,1.99339 4.41909,1.14455 6.73242,1.25781 2.61373,2.05794 2.39499,-2.9774 -0.0488,-3.0293 -2.72361,0.92452 -4.48853,-2.35149 -7.0918,-1.60937 -0.53555,-0.10771 -0.95374,-0.14967 -1.27344,-0.13867
z

m 323.36133,751.94922
c -1.05565,1.23614 -1.3322,3.17417 -1.88477,4.91406 1.39538,1.72623 1.24851,3.77559 2.67383,5.54297 0.54599,2.10765 -0.32729,3.95388 2.04102,5.19727 1.55378,2.11703 3.96186,0.22084 5.90625,1.07226 1.81857,-1.29046 3.787,1.09567 5.67968,1.34375 2.05407,-2.53402 4.16199,1.76471 6.3125,0.75195 0.26178,-2.18617 2.94727,-3.42716 2.33985,-5.69336 -2.43376,-0.58981 -5.99662,0.89002 -7.18555,-2.19335 -2.30135,-0.65486 -3.22042,-1.90478 -4.06641,-4.19532 0.29043,-2.90232 -3.2736,-2.02231 -4.88476,-3 -1.99823,-1.19977 -3.54767,-1.80889 -5.69727,-2.74609 -0.68888,-0.0894 -0.71105,-0.82392 -1.23437,-0.99414
z

m 47.80469,8.12305
c -0.18808,0.01 -0.39954,0.0319 -0.63672,0.0664 -0.6936,0.0245 -2.01041,0.20139 -1.04883,1.08985 1.99809,1.10008 4.50674,-1.30586 1.68555,-1.15625
z

m 57.18164,6.41601
c 0.18954,-0.0107 0.35037,0.30288 0.41015,1.16992 1.63814,2.01299 2.98334,2.69614 -0.92578,2.73828 -2.83437,1.42941 -2.90032,-0.57319 -0.41015,-1.55664 -0.0496,-0.73395 0.50878,-2.32805 0.92578,-2.35156
z

m 356.67773,749.99023
c -2.36594,1.35402 2.26519,2.71546 3.67774,2.63086 1.67716,-2.54932 -1.55854,-0.17413 -3.30664,-2.14843
l -0.0918,-0.1211
z