M 1055.9004 74.84375
C 1049.0356 77.911614 1042.6347 80.900281 1035.75 82
C 1033.3215 81.168364 1031.1132 82.484739 1029.1309 81.066406
L 1028.1328 97.226562
L 1023.0059 108.89453
L 1030.6074 113.49023
L 1031.8457 121.44531
L 1032.1992 128.69336
L 1034.6738 138.59375
L 1041.9219 145.31055
L 1048.9922 146.54883
L 1048.6387 155.38672
L 1058.1387 159.91602
L 1058.7051 158.70117
L 1076.8613 160.9707
L 1082.0488 157.24219
L 1089.0195 157.72852
L 1091.6133 154
L 1096.6387 152.70312
L 1100.6914 145.66211
C 1100.2662 145.22321 1099.8201 144.69767 1099.3359 144.21875
C 1096.7407 144.84629 1095.6984 142.23158 1093.7734 141.5
C 1090.4955 143.13074 1085.5899 140.91208 1086.6172 136.8125
C 1084.3776 135.76995 1083.3573 134.27506 1083.0547 131.9375
C 1083.0547 131.9375 1083.0234 131.32606 1083.0234 130.71875
C 1083.0234 130.11144 1083.4072 130.1989 1083.7109 129.875
C 1084.0143 129.5511 1084.0512 128.91804 1083.9297 128.25
C 1083.8082 127.58198 1083.6761 127.5 1083.5547 127.5
C 1083.4332 127.5 1082.9922 128.1875 1082.9922 128.1875
L 1082.1172 127.875
C 1082.1172 127.875 1082.643 126.98545 1082.4609 126.84375
C 1082.2787 126.70204 1081.4631 126.10554 1081.1797 125.4375
C 1080.8962 124.76945 1079.4072 123.03872 1079.3672 122.9375
C 1079.3262 122.83628 1077.9362 124.45103 1077.3672 124.96875
C 1076.0708 124.33484 1074.0221 124.30037 1072.8047 124.15625
C 1071.7767 123.47142 1070.4446 124.87642 1069.1484 125.125
C 1066.9148 125.42724 1064.8601 125.79757 1062.7109 125.9375
C 1062.5388 125.9375 1062.8086 124.95564 1062.8086 124.8125
C 1062.8086 124.66935 1063.121 123.39295 1063.4648 122.90625
C 1063.808 122.41956 1064.4336 121.61149 1064.4336 120.78125
C 1064.4336 119.95101 1063.9961 119.37689 1063.9961 118.9375
C 1063.8103 116.95613 1065.7592 114.7351 1064.8711 112.28125
C 1064.4323 110.09309 1064.3551 107.74682 1062.4648 106.34375
C 1063.0599 104.2277 1065.4521 103.11339 1066.0898 101.03125
C 1068.5842 100.60027 1066.2239 97.085306 1065.0586 96.03125
C 1064.9357 95.286553 1064.7475 94.621781 1064.4961 94.0625
C 1064.7464 93.092487 1064.3892 91.455645 1064.2461 91.3125
C 1064.1029 91.169355 1064.0196 90.893146 1063.9336 90.75
C 1063.8476 90.606855 1063.2299 89.695161 1062.7148 89.4375
C 1062.1994 89.179839 1061.2018 88.43226 1061.0586 88.375
C 1060.9155 88.31774 1059.1211 87.03125 1059.1211 87.03125
C 1058.6857 84.701786 1058.6206 82.19702 1057.9336 80
C 1057.6923 78.165324 1057.1748 76.215582 1055.9023 74.84375
L 1055.9004 74.84375
z