M 1719.1895 412.71875
C 1718.6742 412.69015 1717.791 413.08084 1717.5332 413.28125
C 1717.2765 413.48161 1716.5276 413.50265 1715.7832 413.53125
C 1715.0396 413.55985 1714.2258 413.89355 1713.9395 414.4375
C 1713.6532 414.98145 1713.4992 414.90141 1713.127 415.53125
C 1712.7548 416.16109 1711.8842 418.23467 1710.9395 418.75
C 1709.9947 419.26532 1708.869 419.86532 1708.4395 421.125
C 1708.0101 422.38467 1707.9511 423.82621 1708.4648 425
C 1708.98 426.17379 1710.1836 428.19577 1710.1836 428.96875
C 1710.1836 429.74174 1710.0553 430.13588 1709.3398 430.9375
C 1708.6242 431.73911 1708.5036 433.23992 1708.5898 433.8125
C 1708.6758 434.38508 1709.715 436.76593 1710.0586 437.28125
C 1710.4022 437.79657 1710.8812 438.51088 1710.3086 439.3125
C 1709.7361 440.11411 1707.517 441.10423 1707.4023 441.21875
C 1707.2881 441.33327 1706.1622 441.92722 1705.5898 442.15625
C 1705.065 442.36616 1703.8112 443.61497 1702.9844 444.07617
L 1702.7598 448.5293
L 1709.9805 452.31055
L 1712.9609 461.71094
L 1720.7559 463.08594
L 1725.3398 476.1543
L 1738.6367 482.11328
L 1748.7246 476.61133
L 1756.5176 477.5293
L 1755.1426 486.69922
L 1760.3457 489.44531
C 1761.1297 486.44462 1761.3531 483.08689 1763.127 480.53125
C 1763.5476 479.45661 1762.7339 480.85167 1763.2832 479.8125
C 1763.6284 479.15908 1764.174 478.52438 1764.4395 477.84375
C 1764.6312 477.35094 1764.6653 476.79249 1764.877 476.28125
C 1765.6959 474.32536 1767.3362 472.64318 1768.7207 471.0625
C 1769.235 470.47446 1769.4877 469.72479 1769.9395 469.09375
C 1770.5752 468.19809 1770.6159 467.25663 1771.3145 466.375
C 1771.6711 465.92476 1771.9399 465.06016 1772.377 464.71875
C 1772.6776 464.48612 1772.8612 464.61505 1773.1895 464.53125
C 1773.5174 464.44875 1773.7005 464.30282 1774.002 464.15625
C 1774.422 463.95085 1773.6382 463.27674 1773.1582 462.90625
L 1772.2207 462.34375
L 1771.5957 462.75
L 1771.0332 462.34375
L 1771.377 461.59375
L 1771.252 461.09375
L 1772.2832 460.21875
L 1772.9395 458.8125
C 1772.9395 458.8125 1773.6689 458.93185 1774.127 458.1875
C 1774.5851 457.44314 1774.9839 454.65605 1775.127 454.3125
C 1775.27 453.96895 1775.3738 453.67419 1775.3457 453.1875
C 1775.3167 452.7008 1775.229 452.48105 1776.002 451.25
C 1776.775 450.01896 1778.0569 446.79274 1778.3145 444.1875
C 1778.5722 441.58226 1778.4166 441.53064 1779.1895 440.5
C 1779.9625 439.46935 1780.448 438.72621 1780.5332 438.125
C 1780.6192 437.52379 1783.3049 433.15867 1783.5332 432.84375
C 1783.7623 432.52883 1783.7312 431.76532 1783.8457 431.25
C 1783.9593 430.73467 1783.8667 430.1377 1784.0957 429.59375
C 1784.3239 429.0498 1784.7762 428.58065 1785.0332 428.4375
C 1785.2911 428.29436 1785.8689 427.86693 1785.4395 427.4375
C 1785.01 427.00806 1783.7022 426.75766 1783.1582 426.5
C 1782.6149 426.24234 1781.7099 425.73448 1780.9082 425.90625
C 1780.1073 426.07802 1778.0432 426.40095 1777.127 426.34375
C 1776.2109 426.28645 1774.1266 426.16375 1773.4395 426.25
C 1772.7524 426.3359 1770.9496 426.51593 1770.377 427.03125
C 1769.8044 427.54657 1769.8239 427.45847 1769.5957 427.6875
C 1769.3665 427.91653 1769.2489 428.09415 1769.2207 428.78125
C 1769.1917 429.46835 1768.713 430.60948 1768.627 430.78125
C 1768.541 430.95303 1768.4851 431.72419 1767.9707 432.125
C 1767.4553 432.5258 1766.0097 433.03125 1765.752 433.03125
C 1765.4944 433.03125 1764.9939 433.22344 1764.5645 432.9375
C 1764.1351 432.65121 1763.9628 432.3125 1763.5332 432.3125
C 1763.1046 432.3125 1762.3769 432.4065 1762.0332 432.75
C 1761.6906 433.09355 1761.5255 433.19032 1761.4395 433.5625
C 1761.3535 433.93467 1761.3145 434.84133 1761.3145 435.15625
C 1761.3145 435.47117 1761.5306 435.91431 1761.8457 436.34375
C 1762.1599 436.77319 1762.3106 437.53891 1763.2832 437.28125
C 1764.2569 437.02359 1764.9919 436.7291 1765.5645 437.1875
C 1766.1371 437.64556 1766.4881 438.09678 1766.3457 438.8125
C 1766.2025 439.52823 1765.4419 439.95061 1765.127 440.09375
C 1764.8121 440.2369 1763.2687 440.7552 1762.0957 440.8125
C 1760.9217 440.8697 1759.8846 440.8075 1759.2832 441.09375
C 1758.6827 441.38005 1758.4956 441.28125 1758.0957 441.28125
C 1757.6944 441.28125 1757.752 441.34375 1757.752 441.34375
L 1757.4082 442.34375
L 1756.377 442.46875
C 1756.377 442.46875 1755.8133 442.82035 1755.4707 442.90625
C 1755.127 442.99215 1754.7257 442.93785 1754.4395 443.625
C 1754.1532 444.31209 1753.645 444.8802 1753.1582 444.9375
C 1752.6725 444.9948 1752.6499 445.0363 1751.5332 444.75
C 1750.4175 444.46367 1749.929 444.55985 1749.8145 444.53125
C 1749.6999 444.50265 1748.3768 443.73689 1748.0332 443.59375
C 1747.6906 443.4506 1746.296 442.87235 1745.752 442.84375
C 1745.2081 442.81515 1743.5879 442.64274 1743.1582 441.8125
C 1742.7296 440.98226 1742.1945 440.08064 1741.9082 439.9375
C 1741.6227 439.79435 1741.2959 439.5286 1740.752 439.5
C 1740.208 439.4714 1739.1416 439.98185 1738.9707 440.125
C 1738.7986 440.26814 1738.4237 440.7552 1737.9082 440.8125
C 1737.3936 440.8697 1736.2101 440.65121 1735.752 440.9375
C 1735.2939 441.22379 1734.4182 442.08326 1733.502 441.96875
C 1732.5859 441.85423 1731.8706 441.31754 1731.4707 441.03125
C 1731.0694 440.74496 1730.9524 440.16653 1731.0957 439.9375
C 1731.2381 439.70846 1732.4977 437.41391 1732.7832 437.15625
C 1733.0695 436.89859 1733.059 436.19233 1732.6582 435.5625
C 1732.2584 434.93266 1731.2282 434.06492 1730.627 433.75
C 1730.0258 433.43508 1729.1165 432.93992 1729.002 432.625
C 1728.8874 432.31008 1728.0167 430.74435 1727.8457 430
C 1727.6737 429.25564 1727.4965 427.81733 1727.4395 427.1875
C 1727.3825 426.55766 1727.7764 424.98407 1728.0332 424.46875
C 1728.2911 423.95343 1729.5855 422.44516 1729.8145 422.1875
C 1730.0435 421.92984 1730.4706 421.46875 1730.4707 421.46875
C 1730.4707 421.46875 1729.2518 420.03367 1728.9082 419.71875
C 1728.5656 419.40383 1727.6023 418.88266 1727.3457 418.625
C 1727.0877 418.36734 1727.139 417.8748 1726.5957 417.53125
C 1726.0515 417.1877 1722.9099 414.97903 1722.5957 414.75
C 1722.2805 414.52096 1721.2621 413.99193 1720.6895 413.5625
C 1720.117 413.13306 1719.7049 412.74735 1719.1895 412.71875
z

M 1758.5352 413.31055
C 1758.1303 413.31055 1757.6849 414.07913 1757.4824 414.60547
C 1757.2805 415.13181 1757.2812 416.1042 1757.2402 416.30664
C 1757.1992 416.50907 1757.1186 417.11539 1756.6328 417.27734
C 1756.1469 417.43929 1755.9049 417.47955 1755.5 417.56055
C 1755.0952 417.64155 1754.1223 417.47945 1753.3125 417.39844
C 1752.5028 417.31744 1752.3415 417.76383 1752.0176 417.92578
C 1751.6937 418.08773 1751.6534 418.24995 1751.6934 418.69531
C 1751.7334 419.14067 1751.8558 419.46463 1752.1797 419.74805
C 1752.5036 420.03145 1752.7047 420.27275 1752.8262 420.07031
C 1752.9476 419.86787 1753.3128 419.7074 1753.6367 419.58594
C 1753.9606 419.46447 1754.4866 419.3418 1754.8105 419.3418
C 1755.1344 419.3418 1755.3379 419.95043 1755.3379 420.19336
C 1755.3379 420.43629 1754.7305 420.47635 1754.6895 420.75977
C 1754.6485 421.04318 1755.0126 421.73026 1755.377 422.01367
C 1755.7414 422.29708 1757.362 422.70344 1758.4551 423.02734
C 1759.5483 423.35124 1760.2369 423.43095 1760.7227 423.22852
C 1761.2086 423.02608 1763.3936 421.85356 1763.9199 421.4082
C 1764.4463 420.96283 1765.0939 419.26098 1765.7012 418.00586
C 1766.3085 416.75075 1765.7012 415.61676 1765.3379 414.68555
C 1764.9735 413.75433 1764.2041 414.11914 1763.6777 414.11914
C 1763.1514 414.11914 1761.2484 414.16004 1759.6289 413.55273
C 1759.6289 413.55273 1758.9401 413.31055 1758.5352 413.31055
z