M 1760.3457 489.44531
L 1755.1426 486.69922
L 1756.5176 477.5293
L 1748.7246 476.61133
L 1738.6367 482.11328
L 1725.3398 476.1543
L 1720.7559 463.08594
L 1712.9609 461.71094
L 1709.9805 452.31055
L 1702.7598 448.5293
L 1695.1934 454.25977
L 1686.4824 456.66797
L 1681.4395 464.34766
L 1674.332 468.12891
L 1662.2969 469.96289
L 1653.959 468.47461
L 1653.1562 468.875
L 1650.3125 468.5
L 1648.9375 468.90625
L 1648.5938 468.21875
L 1648.75 467.65625
L 1648.1953 467.44531
L 1648.0352 467.41602
L 1647.1875 467.5625
L 1646.5312 470.28125
L 1645.4688 471.75
L 1646.2188 472.90625
L 1646.0625 473.53125
L 1645.1875 473.03125
L 1644.75 474.0625
L 1645.8125 475.46875
L 1645.0312 475.78125
L 1643.75 475.3125
L 1642.6875 475.875
L 1639.7812 477.8125
L 1639.7812 479.34375
L 1644.0625 478.4375
L 1645.1875 477.75
L 1646.25 477.96875
L 1647.7188 478
L 1649.3125 477.59375
L 1650.4062 476.25
L 1652.5938 476.5
L 1652.625 478.75
L 1651.4062 479.6875
L 1651.75 480.59375
L 1652.7188 480.71875
C 1653.1644 481.03058 1652.9647 481.41094 1652.7812 481.53125
L 1651.2812 481.5625
L 1650.8438 482.1875
L 1651.4688 483.1875
L 1650.375 483.5
L 1649.9688 483.9375
L 1650 485.21875
C 1650.2098 485.52077 1650.8629 485.90549 1650.875 485.09375
C 1651.0221 484.44182 1651.5903 484.47936 1651.8125 485.03125
L 1651.9062 486.6875
L 1653.4375 488.46875
L 1653.0625 489.46875
L 1653.0078 489.51562
L 1652.5957 489.875
L 1651.4395 490.34375
L 1649.127 488.3125
L 1647.9707 488.375
L 1648.1895 488.9375
L 1648.25 490.03125
L 1647.75 489.71875
L 1647.2188 488.75
L 1646.1562 488.59375
L 1645.5312 488.4375
L 1644.1875 487.1875
L 1645.0312 486.34375
L 1643.8125 484.3125
L 1643.2812 484.5625
L 1642.3828 485.83203
L 1648.1953 494.03516
L 1645.2148 498.04688
L 1640.6309 501.59961
L 1644.5273 506.87305
L 1650.6035 507.56055
L 1650.7168 511.91602
L 1649.1133 517.76172
L 1645.6738 522.34766
L 1650.2578 533.4668
L 1654.7285 533.00781
L 1653.125 540.45898
L 1641.0879 546.87695
L 1641.5469 554.55664
L 1647.5078 560.28906
L 1640.9746 574.8457
L 1632.8359 577.25391
L 1629.2832 579.43164
L 1628.3652 583.78711
L 1631.2305 585.27734
L 1643.9551 581.37891
L 1644.8711 584.13086
L 1638.5664 594.44727
L 1632.9512 605.22266
L 1630.4277 609.57812
L 1635.3594 612.55859
L 1639.4863 611.98438
L 1640.1738 605.45117
L 1644.5293 603.61719
L 1651.0625 604.30469
L 1657.1387 600.86523
L 1662.1816 604.18945
L 1670.5488 606.36719
L 1670.6641 611.52539
L 1675.0195 614.96484
L 1674.1035 621.8418
L 1673.9883 626.77148
L 1677.7715 634.22266
L 1684.4199 634.91016
L 1692.127 630.34375
C 1692.171 627.19025 1692.387 623.92238 1693.127 620.8125
C 1692.5765 617.15049 1697.6286 616.30886 1696.752 612.6875
C 1697.5293 608.7425 1700.4776 605.57049 1701.9395 601.8125
C 1703.6839 599.04174 1707.3431 597.57606 1707.5645 593.84375
C 1708.8428 590.2196 1706.1548 584.86199 1710.5332 582.875
C 1712.9437 581.57251 1716.8492 579.63973 1714.9707 576.25
C 1714.0972 572.06975 1712.6246 567.79636 1714.4707 563.625
C 1715.1003 559.60725 1719.3009 556.59601 1717.8145 552.25
C 1716.975 548.30171 1723.4576 549.19081 1722.6895 545.15625
C 1722.4714 540.83032 1721.828 536.51439 1721.752 532.21875
C 1723.7428 529.11035 1724.1601 525.20532 1726.1895 522.21875
C 1730.4137 520.26831 1733.875 517.30999 1737.002 513.90625
C 1740.3323 511.76387 1743.0933 507.82149 1742.1895 503.6875
C 1743.3306 499.87403 1749.5791 505.04769 1749.7832 500.125
C 1748.7622 495.91068 1753.9007 496.45188 1756.377 495.28125
C 1758.7697 493.95843 1759.7279 491.81007 1760.3457 489.44531
z

M 1653.8223 493.68359
L 1653.418 493.9707
L 1653.418 493.96875
L 1653.8223 493.68359
z

M 1654.9289 467.98731
L 1639.3605 465.20801
L 1633.5148 473.23341
L 1642.4113 485.79005
L 1643.2804 484.56153
L 1643.8117 484.31153
L 1645.0304 486.34278
L 1644.1867 487.18653
L 1645.5304 488.43653
L 1646.1554 488.59278
L 1647.2179 488.74903
L 1647.7492 489.71778
L 1648.2492 490.03028
L 1648.1867 488.93653
L 1647.9679 488.37403
L 1649.1242 488.31153
L 1651.4367 490.34278
L 1652.5929 489.87403
L 1653.0617 489.46778
L 1653.4367 488.46778
L 1651.9054 486.68653
L 1651.8117 485.03028
C 1651.5895 484.47839 1651.0213 484.44085 1650.8742 485.09278
C 1650.8621 485.90452 1650.209 485.5198 1649.9992 485.21778
L 1649.9679 483.93653
L 1650.3742 483.49903
L 1651.4679 483.18653
L 1650.8429 482.18653
L 1651.2804 481.56153
L 1652.7804 481.53028
C 1652.9623 481.40997 1653.1664 481.02961 1652.7199 480.71778
L 1651.7511 480.59278
L 1651.4074 479.68653
L 1652.6261 478.74903
L 1652.5949 476.49903
L 1650.4074 476.24903
L 1649.3136 477.59278
L 1647.7199 477.99903
L 1646.2511 477.96778
L 1645.1886 477.74903
L 1644.0636 478.43653
L 1639.7824 479.34278
L 1639.7824 477.81153
L 1642.6886 475.87403
L 1643.7511 475.31153
L 1645.0324 475.78028
L 1645.8136 475.46778
L 1644.7511 474.06153
L 1645.1886 473.03028
L 1646.0636 473.53028
L 1646.2199 472.90528
L 1645.4699 471.74903
L 1646.5324 470.28028
L 1647.1886 467.56153
L 1648.0949 467.40528
L 1648.7511 467.65528
L 1648.5949 468.21778
L 1648.9386 468.90528
L 1650.3136 468.49903
L 1653.1574 468.87403
L 1654.9289 467.98731
z