M 1503.2559 928.81055
L 1491.6875 942.80078
L 1486.0137 952.85156
L 1478.7578 955.43945
L 1477.3164 957.14062
L 1469.4785 965.82031
L 1460.2383 963.875
L 1451.3223 979.27344
L 1447.373 982.56836
L 1440.1523 999.07422
L 1437.5156 1000.6797
L 1433.5039 1002.627
L 1430.6387 1005.9512
L 1429.1484 1011.9121
L 1437.4023 1026.0117
L 1446.1133 1036.3281
L 1450.584 1038.5059
L 1454.252 1050.1973
L 1465.9941 1051.8086
L 1466.2383 1050.9512
L 1465.9727 1049.7168
L 1466.3789 1047.873
L 1466.4102 1047.2168
L 1466.0352 1046.1855
L 1466.2227 1045.6855
L 1466.5664 1043.2793
L 1466.627 1042.6855
L 1466.7207 1038.498
L 1466.9082 1037.9355
L 1468.0332 1036.7168
L 1468.5957 1034.4043
L 1468.7207 1033.8105
L 1469.252 1031.5918
L 1469.502 1031.0918
L 1470.4707 1028.0605
L 1471.7207 1023.8105
L 1471.9082 1023.2168
L 1472.2832 1021.4043
L 1471.4082 1019.1543
L 1471.5332 1017.9668
L 1472.3145 1017.0293
L 1471.752 1016.8418
L 1472.2207 1016.4668
L 1472.9707 1014.3105
L 1472.7207 1012.5918
L 1472.8457 1011.3418
L 1472.877 1010.7168
L 1470.127 1008.0293
L 1469.8457 1006.8105
L 1469.7852 1004.623
L 1469.9102 1004.123
L 1469.4102 1003.2168
L 1469.2539 1002.7168
L 1470.1289 1001.248
L 1469.8789 1000.123
L 1469.7539 999.56055
L 1469.5664 998.06055
L 1469.4414 997.5918
L 1470.2852 995.6543
L 1469.9414 994.8418
L 1469.5977 994.4668
L 1469.9102 992.0293
L 1470.0352 991.4043
L 1471.3164 989.1543
L 1471.1914 986.7793
L 1472.3164 986.2793
L 1473.4102 986.8418
L 1475.2539 989.2793
L 1475.6602 989.74805
L 1476.9414 989.9668
L 1479.9414 989.6543
L 1480.3477 987.81055
L 1479.4727 985.56055
L 1480.3477 983.8418
L 1480.8164 983.68555
L 1482.0664 983.18555
L 1483.8164 981.62305
L 1484.7539 982.18555
L 1485.9102 982.06055
L 1487.8789 981.74805
L 1490.1289 980.5918
C 1490.6725 979.86658 1491.7622 978.62764 1492.0977 977.7793
C 1493.5214 975.93833 1494.9918 974.45847 1492.5352 972.74805
C 1490.9075 971.37889 1487.6954 969.06948 1490.4727 966.99805
C 1493.479 963.91402 1497.8422 963.0121 1501.3789 960.9043
C 1503.4654 961.79111 1504.9536 960.9873 1506.5664 960.37305
C 1509.8302 960.18044 1508.409 956.13527 1507.0977 954.43555
C 1505.8999 951.84193 1509.7328 950.36478 1509.0977 948.0293
C 1510.8637 945.209 1512.0375 941.94277 1513.7539 939.0293
C 1513.7979 935.11936 1509.3291 934.02127 1507.2227 931.4043
C 1506.2405 930.53574 1503.8177 929.82485 1503.2559 928.81055
z

m 1574.3332,921.9502
c -2.7471,-0.0924 -5.3569,2.03923 -8.2735,0.95703 -4.9011,-0.69453 -10.5187,-0.37597 -13.8496,3.8125 -3.0662,3.56143 -7.5467,5.59236 -12.2363,5.18164 -4.2105,-0.32381 -9.0018,1.26657 -10.5547,5.54493 -2.6139,2.05629 -5.6258,3.95927 -6.3223,7.51757 -1.7703,2.36199 -0.252,3.82103 2.1446,4.37696 1.4704,1.8115 -2.277,3.12824 -0.1387,5.30273 0.7622,1.67487 2.5375,6.00055 4.1133,2.6836 1.9203,-1.27401 2.9806,2.44618 3.0527,3.9082 -3.05,2.85684 -7.0493,5.02249 -10.5449,7.42383 -0.6881,2.21316 -4.8659,1.96713 -3.8711,5.0332 -0.061,2.55494 -3.5871,3.01896 -4.9199,4.94141 -2.4365,0.84056 -5.9509,2.14646 -7.7715,-0.47071 -2.1805,-0.17038 -4.3147,0.32445 -5.8008,1.94532 -2.5813,-0.524 -5.3734,-1.31011 -7.7344,0.55078
l -1.5761,-0.10547 -2.1309,1.16992 -1.9961,0.31445 -1.1426,0.11914 -0.9511,-0.55664 -1.7227,1.55469 -1.2617,0.50586 -0.4805,0.15625 -0.8594,1.69922 0.8848,2.26367 -0.4102,1.8457 -3.0019,0.29688 -1.3008,-0.20703 -0.4101,-0.46485 -1.8399,-2.4414 -1.082,-0.56836 -1.1289,0.49804 0.1211,2.38672 -1.2852,2.24805 -0.1035,0.61328 -0.334,2.44727 0.3692,0.36328 0.33,0.83594 -0.8359,1.91601 0.1289,0.49024 0.168,1.49804 0.1465,0.56051 0.2285,1.1133 -0.8653,1.4746 0.168,0.5059 0.4746,0.8828 -0.1269,0.5293 0.082,2.1699 0.2656,1.2305 2.75,2.6758 -0.014,0.6308 -0.1425,1.2559 0.2578,1.7207
c -0.314,0.8881 -0.4263,1.9495 -0.9336,2.6094
l -0.5078,1.0254 -0.1074,1.1972 0.8593,2.25 -0.3867,1.8106 -0.1816,0.6035 -1.2305,4.2402 -0.9648,3.0293 -0.2676,0.5039 -0.543,2.211 -0.1094,0.5918 -0.5566,2.3339 -1.1289,1.2012 -0.2031,0.5781 -0.092,4.1778 -0.059,0.6035 -0.3496,2.3906 -0.1661,0.5176 0.377,1.0156 -0.053,0.6445 -0.3926,1.8711 0.1328,0.6368 10.3301,3.416 8.916,9.7265 13.9062,10.2813 23.6133,5.043 -2.7519,-4.127 3.6679,-6.1894 6.877,-0.459 2.9805,-9.17 2.5234,-1.1445 5.7305,4.8125 8.0234,-3.668 11.0039,0.918 12.6094,-7.3359 3.4375,10.0859 2.7519,0.2305 7.336,-7.1074 8.75,-1.6582
c -0.5523,-4.6423 -1.759,-9.3635 -0.2403,-14.0274 -0.3742,-3.2863 3.4282,-5.6418 5.8809,-3.1269 3.0677,1.4542 -0.1802,-5.1316 3.4941,-3.5469 4.384,2.672 8.9726,-1.2771 12.8399,-3.1406 2.7329,-2.4023 3.0012,-6.3169 4.5762,-9.2618 3.8621,-1.4012 1.0925,-2.6632 1.5781,-5.6406 1.8577,-3.0628 -5.0052,-2.7377 -2.2461,-5.3418 0.6023,-3.4301 -3.6357,-4.6668 -4.8555,-7.4785 -1.8517,-2.53796 -5.1388,-4.26243 -5.5879,-7.62499 -3.1034,-0.78426 -4.7807,4.38596 -7.9101,2.13476 -1.6177,-2.49649 3.4174,-5.42447 -0.1485,-7.00781 0.3857,-1.8971 3.2843,-3.05335 2.6094,-5.70508 -1.5786,-1.82829 -5.1435,-0.54846 -6.9258,-2.74023 -2.3609,0.35921 -6.5515,0.0497 -6.0898,-3.20704 -1.0527,-2.992 2.6747,-5.3006 1.6289,-8.52539 -1.4367,-5.36057 4.7474,-8.22478 6.1133,-12.67187 0.1586,-3.59551 -3.2964,-5.33018 -4.4375,-8.44531 -2.0573,-2.16889 -5.0219,-4.53226 -5.3535,-7.60938 1.4704,-2.10271 5.5296,-2.93416 4.582,-6.32422 1.2545,-2.83379 1.0295,-7.55168 -2.9141,-7.77343 -5.4615,-2.17827 -11.0644,-3.94417 -16.914,-4.7793 -0.3994,-0.11978 -0.7951,-0.17821 -1.1875,-0.19141
z