M 1522.9015 1078.7979
L 1525.2589 1084.0615
L 1538.5519 1073.8486
L 1539.8488 1078.874
L 1534.3371 1086.3311
L 1537.9035 1092.3291
L 1537.0929 1100.7588
L 1532.2296 1109.1885
L 1539.0382 1114.5361
L 1537.7414 1121.5068
L 1540.4972 1132.3682
L 1545.8468 1133.8272
L 1549.2511 1144.04
L 1552.4933 1142.2568
L 1557.8429 1144.6885
L 1563.841 1141.2842
L 1573.0812 1145.0127
L 1576.9718 1141.9326
L 1583.2941 1128.9639
L 1590.425 1124.749
L 1592.6945 1118.9131
L 1600.6379 1118.5889
L 1602.9074 1117.292
L 1605.1769 1119.0752
L 1604.8527 1126.5322
L 1611.0129 1127.5049
L 1614.7414 1120.6963
L 1619.9289 1120.8584
L 1636.0011 1110.0205
C 1632.5845 1108.3172 1633.7592 1103.1538 1630.4035 1101.1201
C 1628.8184 1100.0313 1625.2254 1101.5756 1626.0226 1098.2744
C 1626.0766 1096.2267 1621.9732 1097.0243 1620.6359 1095.3447
C 1618.4798 1092.1415 1617.7209 1087.7764 1618.6593 1083.9893
C 1617.2939 1082.033 1615.5764 1080.2961 1616.8976 1077.6533
C 1616.3634 1075.4238 1621.1815 1072.668 1617.6105 1071.4775
C 1616.0494 1069.3052 1614.264 1067.9754 1611.5402 1069.1768
C 1609.3893 1069.5954 1608.0521 1066.7085 1608.216 1064.874
C 1605.1333 1063.9347 1600.8599 1064.6361 1599.4992 1060.8057
C 1598.2418 1058.5226 1595.2157 1057.1265 1595.841 1053.9854
L 1587.091 1055.6436
L 1579.755 1062.751
L 1577.0031 1062.5205
L 1573.5656 1052.4346
L 1560.9562 1059.7705
L 1549.9523 1058.8525
L 1541.9289 1062.5205
L 1536.1984 1057.708
L 1533.675 1058.8525
L 1530.6945 1068.0225
L 1523.8175 1068.4815
L 1520.1496 1074.6709
L 1522.9015 1078.7979
z

