M 1525.257 1084.0615
L 1500.9445 1102.542
L 1499.8625 1108.2236
L 1500.1203 1108.3799
L 1500.7765 1107.8428
L 1502.3781 1107.2373
L 1503.5421 1107.3838
L 1504.7179 1107.4209
L 1505.2804 1107.2471
L 1505.8195 1107.5537
L 1505.8586 1108.8037
L 1505.8468 1109.4326
L 1506.382 1109.3779
L 1506.8644 1109.1357
L 1509.2394 1108.292
L 1510.3566 1108.8877
L 1512.3664 1112.8643
L 1516.091 1116.3721
L 1517.966 1121.1436
L 1516.0382 1122.6924
L 1515.4015 1122.6924
L 1516.2414 1123.4815
L 1518.0129 1123.7236
L 1518.5324 1124.0264
L 1518.1125 1126.3369
L 1517.6535 1127.5322
L 1517.3293 1128.0303
L 1517.2277 1130.2979
L 1516.63 1130.3252
L 1513.8546 1131.3291
L 1513.2336 1132.917
L 1511.7609 1133.8037
L 1511.9074 1134.4229
L 1510.6046 1135.794
L 1510.7882 1138.919
L 1511.63 1140.5693
L 1509.7941 1143.7725
L 1509.9777 1144.3897
L 1510.1886 1146.3057
L 1511.5871 1147.6084
L 1511.5617 1149.4815
L 1514.0089 1151.4385
L 1514.3761 1153.9893
L 1514.2062 1155.1963
L 1512.4015 1158.4541
L 1512.4796 1159.6865
L 1512.0812 1160.1807
L 1514.2804 1160.8115
L 1514.7257 1160.4365
L 1515.2746 1160.2588
L 1516.7902 1158.2959
L 1520.1828 1159.7979
L 1521.9855 1162.3682
L 1524.8703 1161.2607
L 1526.0578 1161.4385
L 1527.3683 1162.8135
L 1527.2121 1164.0361
L 1526.841 1165.2529
L 1528.8898 1167.4346
L 1530.9718 1168.5889
L 1533.9679 1167.9854
L 1535.9718 1166.5772
L 1536.1457 1165.9717
L 1539.7511 1169.2451
L 1541.2531 1173.4033
L 1540.0226 1175.6221
L 1544.0754 1177.1182
L 1545.2433 1176.7061
L 1547.0421 1177.2607
L 1548.88 1176.9346
L 1551.1886 1178.876
L 1554.8605 1178.1709
L 1555.4875 1178.1397
L 1555.6925 1175.6221
L 1555.0207 1171.2979
L 1558.1046 1169.0713
L 1558.4406 1168.5225
L 1560.9543 1170.3369
L 1562.1886 1170.2529
L 1564.8879 1168.8311
L 1565.2082 1167.6397
L 1566.4308 1166.4014
L 1566.8058 1165.9443
L 1568.5011 1166.6572
L 1571.4855 1166.335
L 1572.9211 1168.2354
C 1574.0453 1165.5692 1578.3671 1166.7877 1579.214 1163.4639
C 1581.4207 1162.0015 1583.7213 1162.2195 1586.1379 1162.7529
C 1588.2107 1161.6276 1589.661 1157.1416 1592.4328 1159.7471
C 1594.5281 1161.6367 1598.2482 1160.3495 1599.1437 1163.7607
C 1600.7856 1165.9837 1603.4212 1163.914 1605.5129 1163.8682
C 1609.7063 1162.323 1603.6043 1159.8094 1606.3859 1158.1748
C 1608.5396 1158.1748 1610.579 1157.5589 1612.5773 1156.9541
C 1613.662 1154.8259 1614.7051 1153.5627 1615.1867 1151.3975
C 1615.6902 1149.8526 1619.3254 1149.7684 1621.0773 1148.7647
C 1623.6629 1149.6673 1625.2527 1146.5457 1627.4132 1146.7783
C 1628.2924 1149.8196 1630.1712 1149.7961 1631.1437 1146.7373
C 1632.0604 1144.9166 1633.5098 1141.3791 1636.0636 1143.126
C 1638.4902 1138.4634 1634.8107 1133.8123 1634.1339 1129.2451
C 1634.839 1126.7373 1638.3443 1128.5752 1637.0851 1124.7197
C 1639.4627 1123.1668 1640.6744 1121.4962 1640.9582 1118.6416
C 1641.845 1116.9483 1645.151 1113.1692 1641.3683 1113.0322
C 1639.4412 1112.2439 1638.5118 1110.0805 1635.9992 1110.0205
L 1619.9269 1120.8584
L 1614.7394 1120.6963
L 1611.0109 1127.5049
L 1604.8507 1126.5322
L 1605.175 1119.0752
L 1602.9054 1117.292
L 1600.6359 1118.5889
L 1592.6925 1118.9131
L 1590.423 1124.749
L 1583.2921 1128.9639
L 1576.9699 1141.9326
L 1573.0793 1145.0127
L 1563.839 1141.2842
L 1557.841 1144.6885
L 1552.4914 1142.2568
L 1549.2492 1144.04
L 1545.8449 1133.8272
L 1540.4953 1132.3682
L 1537.7394 1121.5068
L 1539.0363 1114.5361
L 1532.2277 1109.1885
L 1537.091 1100.7588
L 1537.9015 1092.3291
L 1534.3351 1086.3311
L 1539.8468 1078.874
L 1538.55 1073.8486
L 1525.2589 1084.0596
L 1525.257 1084.0615
z